	Li	O_TFSI	Li	Ow	Li	O_OTF
0.05	0	0	0	0	0	0
0.15	0	0	0	0	0	0
0.25	0	0	0	0	0	0
0.35	0	0	0	0	0	0
0.45	0	0	0	0	0	0
0.55	0	0	0	0	0	0
0.65	0	0	0	0	0	0
0.75	0	0	0	0	0	0
0.85	0	0	0	0	0	0
0.95	0	0	0	0	0	0
1.05	0	0	0	0	0	0
1.15	0	0	0	0	0	0
1.25	0	0	0	0	0	0
1.35	0	0	0	0	0	0
1.45	0	0	0	0	0	0
1.55	0	0	0	0	0	0
1.65	0.000598931	1.94E-05	0.000898397	1.94E-05	0	0
1.75	0.001064912	5.83E-05	0.007188155	0.000194341	0.012778941	0.000116604
1.85	0.013426476	0.000621891	0.293234271	0.008648165	0.533568666	0.005888526
1.95	1.075197992	0.05235541	7.3764337	0.245471859	10.08878144	0.127351524
2.05	7.206623275	0.435886971	19.05779606	0.921719527	19.79625931	0.390819341
2.15	9.684244611	1.00285681	13.43641424	1.4461676	11.66216741	0.561508862
2.25	5.696601925	1.368100902	5.169700553	1.667152519	4.026714968	0.62604944
2.35	2.34055466	1.531794154	1.753193745	1.748911692	1.372503229	0.650050529
2.45	1.008613749	1.608442164	0.707485228	1.784767568	0.62035284	0.661827581
2.55	0.506136224	1.650089397	0.34919086	1.803929571	0.415636401	0.670378576
2.65	0.291283133	1.675975591	0.230860483	1.817611163	0.31444511	0.67735541
2.75	0.227189888	1.697722326	0.186649135	1.82950482	0.320172106	0.685012438
2.85	0.1983932	1.718108675	0.178226011	1.841709422	0.28355956	0.692300218
2.95	0.185236383	1.738514459	0.181203286	1.855002332	0.362841553	0.702289335
3.05	0.198952335	1.761932525	0.200441641	1.870724502	0.460149649	0.715834888
3.15	0.234187038	1.791336287	0.22413951	1.889497823	0.57279168	0.733811412
3.25	0.280748448	1.828863495	0.280209212	1.914470616	0.788900423	0.760183458
3.35	0.347153044	1.878167755	0.350240365	1.94764459	0.937550118	0.79349347
3.45	0.443527245	1.944982121	0.440057683	1.991857121	1.168257829	0.83751166
3.55	0.585195062	2.038343439	0.533312403	2.048585199	1.515997366	0.89800995
3.65	0.741190539	2.163362873	0.639559954	2.120510728	1.781963504	0.97318097
3.75	0.900460097	2.323713464	0.739834883	2.208333333	2.104535801	1.066872668
3.85	1.075213351	2.525555815	0.833229998	2.31259717	2.444622179	1.181572606
3.95	1.28218644	2.778898476	0.909839082	2.432447139	2.683690237	1.314151897
4.05	1.417587572	3.07336365	0.938926084	2.562461132	2.947313925	1.467214708
4.15	1.564287816	3.414528918	0.962368391	2.702367071	3.055255466	1.633803638
4.25	1.67135573	3.796797264	0.965648543	2.849599658	3.236626724	1.818874378
4.35	1.712702345	4.20712842	0.957835513	3.002604167	3.022214082	1.999922264
4.45	1.679162406	4.628167755	0.968953239	3.16458722	2.298410083	2.14400653
4.55	1.43843174	5.005247201	0.920102477	3.325365361	1.375479012	2.234141791
4.65	1.166792438	5.3246463	0.873656889	3.48480255	0.875155048	2.294037624
4.75	0.970268015	5.601834577	0.852589387	3.647213153	0.615642903	2.337997512
4.85	0.864085931	5.859141791	0.835221144	3.813044154	0.561573562	2.379800218
4.95	0.803512583	6.108383862	0.804433328	3.979399876	0.530757845	2.420961598
5.05	0.779849437	6.360171797	0.800669573	4.151741294	0.537454159	2.464338464
5.15	0.750246552	6.612095771	0.769569932	4.324043843	0.518079459	2.507831934
5.25	0.747099798	6.872784515	0.760231176	4.500913402	0.522339929	2.553385417
5.35	0.741804818	7.141616138	0.735360793	4.678560323	0.520745134	2.600551928
5.45	0.755934373	7.42587842	0.731843469	4.862037469	0.540720263	2.651372046
5.55	0.766873053	7.724968905	0.737983155	5.053871269	0.555463211	2.705515392
5.65	0.803847504	8.049848414	0.734244058	5.251690765	0.571093717	2.763215174
5.75	0.823856317	8.394647854	0.741922219	5.458702581	0.601702161	2.826201026
5.85	0.895211066	8.782493781	0.76410643	5.679415423	0.611253592	2.892412935
5.95	0.936620704	9.202308769	0.777491149	5.91173041	0.647575225	2.964960354
6.05	0.995766683	9.663712687	0.797374214	6.158076803	0.677772453	3.04349347
6.15	1.029780841	10.15677472	0.844255679	6.427588619	0.73772977	3.131801928
6.25	1.069677445	10.68577037	0.868704069	6.713969216	0.783063832	3.228603078
6.35	1.108639559	11.25167133	0.893198725	7.017937655	0.789562735	3.329368781
6.45	1.136240982	11.85010494	0.935881442	7.346587376	0.820566023	3.43740283
6.55	1.136890923	12.46764226	0.95972764	7.694088153	0.848824429	3.55268579
6.65	1.121013516	13.09524642	0.976619942	8.058574316	0.891620213	3.677491449
6.75	1.065273651	13.70971315	0.992215378	8.440201337	0.871755443	3.803191076
6.85	1.009651693	14.30950715	1.016261282	8.84270056	0.892230296	3.935712065
6.95	0.960356498	14.89670787	1.043184002	9.267995958	0.891023298	4.071925529
7.05	0.92790937	15.48052705	1.043539336	9.705748601	0.899821849	4.213483364
7.15	0.911582271	16.07056514	1.043252628	10.15586132	0.896603102	4.358558769
7.25	0.894511873	16.66579213	1.05140181	10.62227923	0.910849544	4.510047419
7.35	0.89321243	17.27662469	1.038092839	11.09561567	0.905496739	4.664859297
7.45	0.896748708	17.90675529	1.030864482	11.57851368	0.893820839	4.82188666
7.55	0.89093399	18.54967351	1.011496707	12.06514303	0.896080382	4.983539335
7.65	0.890994401	19.20979089	1.009309659	12.56370491	0.897031114	5.149700715
7.75	0.882259888	19.88065532	1.000435615	13.07087609	0.882405141	5.317416822
7.85	0.88377321	20.57011816	0.984540045	13.58300295	0.881069862	5.489214086
7.95	0.894964302	21.28614739	0.998480405	14.11555504	0.867321818	5.662702114
8.05	0.901254923	22.02551695	0.982014246	14.65261583	0.884804844	5.844158116
8.15	0.914066998	22.79415423	0.985646179	15.20514614	0.902362452	6.033854167
8.25	0.904829801	23.5737912	0.993588133	15.77588619	0.909184628	6.229691387
8.35	0.923815062	24.38914801	1.000110172	16.36438899	0.923668693	6.43349658
8.45	0.921363904	25.22195662	1.01009409	16.97312267	0.930738792	6.643812189
8.55	0.946043156	26.09750078	1.014600892	17.59911381	0.93311789	6.859685945
8.65	0.950115242	26.99751244	1.024056694	18.24576337	0.969447101	7.089241294
8.75	0.959449281	27.92747201	1.01428318	18.90113884	0.977783694	7.326162158
8.85	0.969663835	28.88901197	1.019306717	19.57491838	0.989647714	7.571478545
8.95	0.975545213	29.87826493	1.027268699	20.26941465	0.996413434	7.824082711
9.05	0.992108838	30.90696906	1.034143411	20.98427783	0.990381002	8.080826337
9.15	0.98959515	31.95578747	1.029809829	21.71194807	1.013718487	8.349444185
9.25	0.998667425	33.03756608	1.041885277	22.46433846	1.024965081	8.627021144
9.35	0.998203092	34.1423352	1.031001865	23.22512438	1.021256139	8.909573228
9.45	1.010361445	35.28465096	1.023891136	23.99685168	1.019181979	9.19764459
9.55	1.004038067	36.44401042	1.021496351	24.78315454	1.033236676	9.495918843
9.65	1.01668352	37.64272388	1.015725263	25.58146766	1.020864558	9.796797264
9.75	1.011318131	38.85989972	1.015306926	26.39608598	1.018768056	10.103331
9.85	1.025374477	40.11932525	1.014599987	27.22695118	1.01647291	10.41546175
9.95	1.01114652	41.38675762	0.992116899	28.05597015	1.005495915	10.73052705
10.05	1.020444779	42.69162002	0.998030091	28.90675529	0.998023857	11.0495569
