		Li	Ow	Li	Hw	Li	C00	Li	C01	Li	O02	Li	C03	Li	O04	Li	O05	Li	C06	Li	H07	Li	CBT	Li	F1	Li	SBT	Li	NBT	Li	OBT
1	0.03	0	0	0	0	0	0	0	0	0	0	0	0	0	0	0	0	0	0	0	0	0	0	0	0	0	0	0	0	0	0
2	0.09	0	0	0	0	0	0	0	0	0	0	0	0	0	0	0	0	0	0	0	0	0	0	0	0	0	0	0	0	0	0
3	0.15	0	0	0	0	0	0	0	0	0	0	0	0	0	0	0	0	0	0	0	0	0	0	0	0	0	0	0	0	0	0
4	0.21	0	0	0	0	0	0	0	0	0	0	0	0	0	0	0	0	0	0	0	0	0	0	0	0	0	0	0	0	0	0
5	0.27	0	0	0	0	0	0	0	0	0	0	0	0	0	0	0	0	0	0	0	0	0	0	0	0	0	0	0	0	0	0
6	0.33	0	0	0	0	0	0	0	0	0	0	0	0	0	0	0	0	0	0	0	0	0	0	0	0	0	0	0	0	0	0
7	0.39	0	0	0	0	0	0	0	0	0	0	0	0	0	0	0	0	0	0	0	0	0	0	0	0	0	0	0	0	0	0
8	0.45	0	0	0	0	0	0	0	0	0	0	0	0	0	0	0	0	0	0	0	0	0	0	0	0	0	0	0	0	0	0
9	0.51	0	0	0	0	0	0	0	0	0	0	0	0	0	0	0	0	0	0	0	0	0	0	0	0	0	0	0	0	0	0
10	0.57	0	0	0	0	0	0	0	0	0	0	0	0	0	0	0	0	0	0	0	0	0	0	0	0	0	0	0	0	0	0
11	0.63	0	0	0	0	0	0	0	0	0	0	0	0	0	0	0	0	0	0	0	0	0	0	0	0	0	0	0	0	0	0
12	0.69	0	0	0	0	0	0	0	0	0	0	0	0	0	0	0	0	0	0	0	0	0	0	0	0	0	0	0	0	0	0
13	0.75	0	0	0	0	0	0	0	0	0	0	0	0	0	0	0	0	0	0	0	0	0	0	0	0	0	0	0	0	0	0
14	0.81	0	0	0	0	0	0	0	0	0	0	0	0	0	0	0	0	0	0	0	0	0	0	0	0	0	0	0	0	0	0
15	0.87	0	0	0	0	0	0	0	0	0	0	0	0	0	0	0	0	0	0	0	0	0	0	0	0	0	0	0	0	0	0
16	0.93	0	0	0	0	0	0	0	0	0	0	0	0	0	0	0	0	0	0	0	0	0	0	0	0	0	0	0	0	0	0
17	0.99	0	0	0	0	0	0	0	0	0	0	0	0	0	0	0	0	0	0	0	0	0	0	0	0	0	0	0	0	0	0
18	1.05	0	0	0	0	0	0	0	0	0	0	0	0	0	0	0	0	0	0	0	0	0	0	0	0	0	0	0	0	0	0
19	1.11	0	0	0	0	0	0	0	0	0	0	0	0	0	0	0	0	0	0	0	0	0	0	0	0	0	0	0	0	0	0
20	1.17	0	0	0	0	0	0	0	0	0	0	0	0	0	0	0	0	0	0	0	0	0	0	0	0	0	0	0	0	0	0
21	1.23	0	0	0	0	0	0	0	0	0	0	0	0	0	0	0	0	0	0	0	0	0	0	0	0	0	0	0	0	0	0
22	1.29	0	0	0	0	0	0	0	0	0	0	0	0	0	0	0	0	0	0	0	0	0	0	0	0	0	0	0	0	0	0
23	1.35	0	0	0	0	0	0	0	0	0	0	0	0	0	0	0	0	0	0	0	0	0	0	0	0	0	0	0	0	0	0
24	1.41	0	0	0	0	0	0	0	0	0	0	0	0	0	0	0	0	0	0	0	0	0	0	0	0	0	0	0	0	0	0
25	1.47	0	0	0	0	0	0	0	0	0	0	0	0	0	0	0	0	0	0	0	0	0	0	0	0	0	0	0	0	0	0
26	1.53	0	0	0	0	0	0	0	0	0	0	0	0	0	0	0	0	0	0	0	0	0	0	0	0	0	0	0	0	0	0
27	1.59	2.43E-05	1.25E-07	0	0	0	0	0	0	0	0	0	0	0	0	0	0	0	0	0	0	0	0	0	0	0	0	0	0	0	0
28	1.65	0.105167	0.0005832	4.28E-05	4.75E-07	0	0	0	0	0	0	0	0	0	0	0	0	0	0	0	0	0	0	0	0	0	0	0	0	0	0
29	1.71	7.55486	0.0455706	0.00017633	2.58E-06	0	0	0	0	0	0	0	0	0.000334432	1.15E-06	1.45E-05	5.00E-08	0	0	0	0	0	0	0	0	0	0	0	0	0	0
30	1.77	44.4671	0.329267	0.000862079	1.36E-05	0	0	0	0	0.000251073	9.25E-07	0	0	0.129479	0.000478175	0.000393574	1.50E-06	0	0	0	0	0	0	0	0	0	0	0	0	2.09E-06	5.00E-08
31	1.83	55.0401	0.704627	0.00245977	4.71E-05	0	0	0	0	0.00951585	3.84E-05	0	0	3.36353	0.0137243	0.0102332	4.18E-05	0	0	0	0	0	0	1.30E-06	5.00E-08	0	0	0	0	0.00485085	0.0001243
32	1.89	25.7659	0.892054	0.00527718	0.0001239	0	0	0	0	0.0786313	0.0003687	0	0	16.8772	0.0846191	0.0832259	0.0003914	0	0	1.19E-05	5.00E-08	0	0	3.11E-05	1.33E-06	0	0	0	0	0.331493	0.00918105
33	1.95	7.04049	0.946572	0.0116793	0.000304775	0	0	0	0	0.279172	0.00161702	0	0	29.1788	0.215093	0.278981	0.00163887	0	0	0.000106228	5.25E-07	0	0	0.000232093	1.15E-05	0	0	0.000182236	1.33E-06	3.55603	0.112602
34	2.01	1.54804	0.959307	0.0333832	0.000854075	0	0	0	0	0.546889	0.00421525	0	0	25.7645	0.337498	0.545111	0.00422865	0	0	0.000342039	2.15E-06	0	0	0.000968708	5.64E-05	0	0	0.00318444	2.59E-05	11.5611	0.469842
35	2.07	0.346939	0.962335	0.112231	0.00281265	0	0	0	0	0.760623	0.00804785	0	0	15.2487	0.414333	0.7526	0.00802083	0	0	0.000654922	5.45E-06	0	0	0.00273858	0.000190975	0	0	0.0214845	0.00020195	17.3535	1.03856
36	2.13	0.0927908	0.963192	0.362107	0.00950353	0	0	0	0	0.853633	0.0126021	0	0	7.28595	0.453204	0.841117	0.0125083	0	0	0.00134487	1.26E-05	0	0	0.00581273	0.000493525	0	0	0.0637959	0.000755375	16.1146	1.59773
37	2.19	0.0325267	0.96351	1.019	0.0294079	0	0	0	0	0.837077	0.0173231	1.33E-05	7.50E-08	3.18417	0.471162	0.83381	0.0172108	0	0	0.00290344	2.90E-05	0	0	0.0107414	0.00108455	0	0	0.113254	0.00179397	11.357	2.01433
38	2.25	0.014594	0.96366	2.43208	0.0795527	8.40E-06	5.00E-08	0	0	0.759049	0.0218418	0.000138583	9.00E-07	1.37167	0.479328	0.767087	0.0217774	0	0	0.00525776	6.03E-05	0	0	0.0178283	0.00212	0	0	0.1436	0.003184	6.98994	2.28498
39	2.31	0.00871053	0.963755	4.87031	0.185396	3.98E-06	7.50E-08	0	0	0.663385	0.0260044	0.00161758	1.11E-05	0.612009	0.483168	0.682561	0.0260603	0	0	0.0093907	0.000119225	0	0	0.0269248	0.00376827	0	0	0.147158	0.00468545	4.11128	2.45277
40	2.37	0.0066992	0.963831	8.19671	0.372903	2.65E-05	2.50E-07	0	0	0.572683	0.0297869	0.0112718	8.55E-05	0.290712	0.485088	0.599905	0.0300227	7.57E-06	5.00E-08	0.0157078	0.000222975	0	0	0.03801	0.0062176	0	0	0.135619	0.00614198	2.4394	2.55756
41	2.43	0.0059026	0.963902	11.6267	0.652511	0.000169219	1.43E-06	1.44E-05	1.00E-07	0.489829	0.0331881	0.0468486	0.0004108	0.145831	0.486101	0.53042	0.0337057	5.40E-05	4.25E-07	0.0239716	0.000389425	0	0	0.0512312	0.00968815	1.11E-06	2.50E-08	0.116093	0.00745273	1.50851	2.62569
42	2.49	0.00670471	0.963987	13.8284	1.00169	0.000504063	5.10E-06	1.71E-05	2.25E-07	0.424332	0.0362818	0.13621	0.00140387	0.0805712	0.486688	0.475499	0.0371725	0.00017145	1.68E-06	0.0360628	0.00065235	1.05E-06	2.50E-08	0.0658385	0.0143712	1.27E-05	3.25E-07	0.102036	0.00866235	0.982649	2.67228
43	2.55	0.00855095	0.9641	13.5304	1.36001	0.00102664	1.30E-05	9.15E-05	9.25E-07	0.371282	0.0391208	0.288566	0.00361035	0.0475293	0.487052	0.429277	0.0404549	0.000653908	6.68E-06	0.0522701	0.00105202	4.02E-06	1.25E-07	0.0832431	0.020581	0.000185996	4.95E-06	0.0940556	0.00983175	0.677714	2.70599
44	2.61	0.0114821	0.96426	10.5198	1.65186	0.00220963	3.07E-05	0.000312095	3.43E-06	0.327278	0.0417424	0.481681	0.0074688	0.0312064	0.487302	0.390774	0.0435852	0.00187257	2.17E-05	0.0720253	0.00162897	1.73E-05	5.75E-07	0.101998	0.0285522	0.00138771	4.11E-05	0.090142	0.0110059	0.493116	2.73168
45	2.67	0.0153668	0.964483	6.235	1.83289	0.00444656	6.79E-05	0.00109151	1.26E-05	0.294439	0.0442107	0.665299	0.0130459	0.0220121	0.487486	0.363198	0.0466298	0.00440779	5.86E-05	0.0964196	0.00243725	4.77E-05	1.88E-06	0.121681	0.0385038	0.00704658	0.0002332	0.0917193	0.0122561	0.378059	2.75229
46	2.73	0.0207328	0.964797	2.76934	1.91695	0.00848655	0.0001423	0.00330334	4.15E-05	0.267288	0.0465532	0.831953	0.0203371	0.0172241	0.487637	0.340826	0.0496168	0.0106003	0.000151525	0.122748	0.003513	0.00010877	4.98E-06	0.14243	0.0506817	0.021998	0.00086015	0.0959198	0.0136229	0.302394	2.76953
47	2.79	0.0279543	0.96524	0.987556	1.94825	0.0144237	0.000274325	0.00847235	0.000119075	0.244917	0.048795	1.00118	0.0295012	0.0144265	0.487769	0.324508	0.0525871	0.0217025	0.000350175	0.15209	0.00490512	0.000221723	1.16E-05	0.165387	0.0654509	0.0469079	0.00225645	0.10212	0.0151428	0.254158	2.78466
48	2.85	0.0380277	0.965869	0.356102	1.96003	0.0237012	0.0005007	0.0197645	0.00030785	0.228099	0.0509736	1.25939	0.0415298	0.0143882	0.487907	0.318606	0.0556302	0.0415732	0.00074725	0.184063	0.00666315	0.000419338	2.46E-05	0.189275	0.0830881	0.0775421	0.00466497	0.111946	0.0168814	0.221744	2.79844
49	2.91	0.0520047	0.966766	0.181682	1.9663	0.036186	0.000861025	0.0385987	0.0006922	0.214663	0.0531111	1.74333	0.0588892	0.0159376	0.488065	0.316894	0.0587856	0.0715333	0.00145955	0.216583	0.0088198	0.000821433	5.12E-05	0.214456	0.103922	0.112984	0.00832368	0.124189	0.0188922	0.202694	2.81156
50	2.97	0.0735232	0.968087	0.136768	1.97121	0.0522033	0.0014025	0.0714779	0.0014336	0.202559	0.0552121	2.68155	0.0867034	0.0191252	0.488264	0.317409	0.0620779	0.114255	0.00264465	0.250202	0.011415	0.00145191	0.000100175	0.241727	0.128383	0.168244	0.0139988	0.141572	0.0212799	0.193316	2.8246
51	3.03	0.104495	0.97004	0.127671	1.97598	0.0721998	0.00218195	0.115228	0.00267757	0.19736	0.0573428	4.54409	0.13576	0.0242573	0.488526	0.322678	0.0655615	0.165896	0.00443562	0.280826	0.0144467	0.00262689	0.0001924	0.272034	0.157035	0.286831	0.0240689	0.163579	0.0241514	0.191151	2.83803
52	3.09	0.145293	0.972865	0.132426	1.98113	0.0942395	0.00324002	0.169706	0.00458295	0.200946	0.0595989	7.46689	0.219595	0.0333734	0.4889	0.329928	0.0692658	0.223155	0.0069411	0.312041	0.0179502	0.00474841	0.000365775	0.305052	0.19045	0.572244	0.0449628	0.195555	0.0277215	0.19749	2.85245
53	3.15	0.196307	0.976832	0.145867	1.98703	0.11998	0.00463992	0.224662	0.00720425	0.213254	0.0620871	9.31204	0.328245	0.047657	0.489456	0.341649	0.0732521	0.282604	0.0102385	0.342431	0.0219456	0.00855803	0.0006905	0.342028	0.229383	1.19998	0.0904945	0.239886	0.0322725	0.211636	2.86851
54	3.21	0.25041	0.982086	0.167164	1.99404	0.148451	0.00643863	0.274911	0.0105352	0.234858	0.0649327	7.92765	0.424301	0.0674599	0.490274	0.358828	0.0775998	0.345534	0.0144251	0.367186	0.0263946	0.0153903	0.00129692	0.385601	0.274965	2.37308	0.184001	0.299687	0.0381768	0.235077	2.88703
55	3.27	0.310966	0.988857	0.195498	2.00256	0.178075	0.00867768	0.314718	0.0144924	0.272395	0.0683577	4.89599	0.485861	0.0922466	0.491434	0.382075	0.0824038	0.411856	0.0196036	0.39282	0.0313337	0.0277251	0.0024306	0.435341	0.328368	4.21222	0.356238	0.385845	0.0460654	0.267879	2.90894
56	3.33	0.376669	0.997362	0.22769	2.01284	0.210035	0.0114164	0.346563	0.0190113	0.319648	0.0725257	2.46995	0.518067	0.123318	0.493042	0.411043	0.0877635	0.4927	0.0260281	0.415876	0.0367565	0.0474364	0.0044421	0.492376	0.391004	6.7036	0.640498	0.508469	0.056846	0.313273	2.93551
57	3.39	0.453839	1.00798	0.261126	2.02506	0.244684	0.0147229	0.378101	0.0241207	0.375861	0.0776049	1.1436	0.533521	0.157851	0.495175	0.454022	0.0938989	0.594491	0.0340616	0.436569	0.042656	0.0789095	0.00790985	0.55782	0.464546	9.39252	1.05326	0.688545	0.0719754	0.369521	2.96799
58	3.45	0.540571	1.02108	0.294908	2.03936	0.27924	0.0186311	0.422714	0.030037	0.441224	0.0837802	0.545183	0.541152	0.195314	0.497908	0.520395	0.101182	0.724115	0.0441963	0.454876	0.0490224	0.124731	0.013587	0.632303	0.550884	10.6935	1.53998	0.956139	0.0937348	0.438893	3.00794
59	3.51	0.630956	1.03691	0.327144	2.05577	0.316388	0.0232146	0.498097	0.0372529	0.527679	0.0914247	0.295802	0.545437	0.24067	0.501395	0.622105	0.110195	0.896065	0.0571776	0.472528	0.0558679	0.190919	0.0225816	0.715652	0.652032	9.40895	1.98325	1.33935	0.125285	0.519179	3.05686
60	3.57	0.713973	1.05544	0.357805	2.07434	0.355414	0.028541	0.606638	0.0463443	0.638155	0.100988	0.193141	0.548331	0.294257	0.505805	0.774383	0.1218	1.10178	0.0736894	0.486589	0.0631602	0.279273	0.0361924	0.806143	0.769898	6.60963	2.30538	1.81382	0.169484	0.6102	3.11634
61	3.63	0.779175	1.07635	0.388807	2.09521	0.393928	0.0346447	0.756216	0.0580614	0.797949	0.113352	0.158612	0.550789	0.366252	0.51148	1.00018	0.137297	1.34638	0.0945508	0.496965	0.0708604	0.397852	0.0562396	0.903259	0.906439	4.03036	2.50847	2.31454	0.227797	0.709799	3.18787
62	3.69	0.818693	1.09905	0.423235	2.11868	0.434857	0.0416071	0.944998	0.0731917	1.02629	0.129784	0.154098	0.553256	0.463619	0.518902	1.32269	0.158475	1.60441	0.120239	0.510509	0.0790341	0.551805	0.0849709	1.00637	1.06364	2.32281	2.62941	2.71185	0.298398	0.813617	3.2726
63	3.75	0.830323	1.12282	0.459765	2.14501	0.477304	0.0494998	1.16627	0.0924768	1.35028	0.152112	0.167286	0.556022	0.581301	0.528515	1.74008	0.187248	1.86522	0.151082	0.518305	0.0876046	0.743537	0.124955	1.11092	1.24286	1.35954	2.70252	2.9418	0.377495	0.92301	3.37186
64	3.81	0.80865	1.14673	0.499535	2.17454	0.517556	0.058334	1.40726	0.116498	1.79689	0.182783	0.190348	0.559272	0.708708	0.540612	2.26073	0.225837	2.09584	0.186856	0.527717	0.0966123	0.977589	0.17922	1.21475	1.44515	0.853624	2.7499	3.02185	0.461365	1.03975	3.4873
65	3.87	0.754515	1.16974	0.538104	2.20736	0.557412	0.0681506	1.65369	0.145621	2.36092	0.224361	0.220357	0.563152	0.818363	0.555024	2.82514	0.275591	2.28722	0.227136	0.533725	0.106012	1.2493	0.250769	1.31493	1.67107	0.593591	2.7839	3.05353	0.548806	1.16385	3.62061
66	3.93	0.67292	1.1909	0.576813	2.24364	0.593307	0.0789258	1.88101	0.179782	3.00848	0.278999	0.255081	0.567785	0.883083	0.571062	3.35751	0.336567	2.40957	0.270897	0.53959	0.115811	1.555	0.342609	1.40943	1.9208	0.461968	2.81118	3.10982	0.64064	1.29609	3.7737
67	3.99	0.579131	1.20968	0.613848	2.28344	0.628342	0.0906884	2.07471	0.218621	3.64878	0.347305	0.295523	0.573317	0.895517	0.587826	3.71258	0.406067	2.46768	0.317092	0.54727	0.126056	1.88453	0.457336	1.49468	2.19378	0.401725	2.83564	3.23388	0.739077	1.44115	3.94917
68	4.05	0.488126	1.22598	0.648791	2.32678	0.654128	0.103305	2.20843	0.261215	4.09632	0.426312	0.337045	0.579818	0.854305	0.604303	3.79101	0.479185	2.44507	0.364251	0.553825	0.136738	2.2174	0.596418	1.57199	2.48958	0.385245	2.8598	3.44394	0.847083	1.59142	4.14881
69	4.11	0.412127	1.24015	0.68012	2.37357	0.678491	0.116782	2.26502	0.306206	4.11904	0.508128	0.375874	0.587284	0.765909	0.619516	3.48375	0.548383	2.35152	0.410959	0.561949	0.1479	2.54468	0.760791	1.63763	2.80693	0.39924	2.88559	3.73392	0.96768	1.74603	4.37438
70	4.17	0.356594	1.25278	0.708875	2.42377	0.698713	0.131068	2.24088	0.352025	3.56791	0.581082	0.414899	0.595767	0.654017	0.632889	2.83418	0.606334	2.20021	0.455947	0.572637	0.159609	2.85175	0.950418	1.69203	3.14446	0.435666	2.91456	4.08534	1.10351	1.89993	4.62705
71	4.23	0.324203	1.26459	0.731258	2.47705	0.712959	0.146069	2.13489	0.396943	2.63306	0.63648	0.452892	0.605296	0.536047	0.644168	2.05834	0.649641	2.00363	0.498103	0.583193	0.171879	3.12313	1.16411	1.73777	3.50116	0.490778	2.94814	4.48753	1.25703	2.05002	4.90758
72	4.29	0.311884	1.27628	0.744852	2.53288	0.726949	0.161801	1.9641	0.439447	1.72434	0.673797	0.49008	0.615902	0.429298	0.653458	1.40493	0.680045	1.7842	0.536715	0.593411	0.184721	3.35432	1.40017	1.77345	3.87559	0.55746	2.98737	4.88101	1.42878	2.19504	5.21654
73	4.35	0.311403	1.28828	0.748619	2.59057	0.735942	0.178176	1.74739	0.478328	1.10923	0.698478	0.522894	0.627536	0.3416	0.661059	0.984594	0.701952	1.5645	0.571525	0.60478	0.198178	3.53874	1.65623	1.79871	4.26605	0.631347	3.03306	5.19067	1.61658	2.32435	5.55292
74	4.41	0.321925	1.30103	0.742415	2.64937	0.74273	0.195161	1.52907	0.513295	0.776026	0.716224	0.556851	0.640271	0.279409	0.667448	0.758043	0.719288	1.36586	0.602761	0.617682	0.212303	3.67471	1.92952	1.818	4.67166	0.704171	3.08543	5.30877	1.81398	2.38175	5.90718
75	4.47	0.335584	1.31468	0.723357	2.70824	0.747723	0.212728	1.32329	0.544386	0.610648	0.730571	0.59194	0.654178	0.240154	0.673091	0.646195	0.73447	1.19965	0.630946	0.629556	0.227094	3.7483	2.21591	1.82834	5.09075	0.773376	3.14452	5.11175	2.00927	2.27246	6.25444
76	4.53	0.351802	1.32938	0.697365	2.76652	0.751847	0.23087	1.15804	0.572329	0.527283	0.743295	0.626702	0.669301	0.218466	0.678362	0.592362	0.748764	1.07454	0.656875	0.638315	0.242497	3.71244	2.50723	1.82877	5.52127	0.834951	3.21004	4.50657	2.18609	1.95694	6.56156
77	4.59	0.368564	1.34519	0.669011	2.82392	0.751195	0.24948	1.0344	0.597955	0.477852	0.755133	0.662071	0.685702	0.210745	0.683583	0.559953	0.762636	0.980485	0.681165	0.645133	0.258479	3.4982	2.78906	1.82002	5.96115	0.89186	3.28189	3.56438	2.32967	1.538	6.80938
78	4.65	0.384812	1.36214	0.643	2.88054	0.756891	0.268724	0.94218	0.62191	0.445226	0.766452	0.696942	0.703422	0.212076	0.688975	0.542099	0.776419	0.913439	0.704389	0.651088	0.275033	3.0821	3.0439	1.79924	6.40746	0.943136	3.35987	2.52495	2.43405	1.16279	7.00167
79	4.71	0.399986	1.38021	0.6227	2.9368	0.757357	0.28848	0.874464	0.644721	0.42121	0.77744	0.728278	0.72242	0.221659	0.694757	0.532089	0.790298	0.865062	0.726955	0.654109	0.292096	2.55741	3.26085	1.76417	6.85643	0.994186	3.44421	1.64712	2.50392	0.897594	7.15395
80	4.77	0.41469	1.39942	0.611661	2.99347	0.763183	0.308899	0.834737	0.667053	0.403083	0.788224	0.755171	0.742624	0.23443	0.701029	0.52078	0.804232	0.831988	0.749214	0.658583	0.309716	2.06241	3.44029	1.71667	7.30451	1.04926	3.5355	1.04148	2.54922	0.733994	7.28168
81	4.83	0.428785	1.41979	0.610535	3.05148	0.774463	0.330144	0.81383	0.689378	0.392093	0.79898	0.7785	0.763979	0.251227	0.707921	0.51666	0.818405	0.814078	0.771546	0.660588	0.327837	1.68534	3.59064	1.65701	7.74797	1.10864	3.6344	0.680133	2.57956	0.641449	7.39612
82	4.89	0.442687	1.44134	0.618714	3.11173	0.793271	0.352448	0.807968	0.712096	0.384543	0.809792	0.793139	0.78628	0.269966	0.715512	0.515154	0.832889	0.804075	0.794154	0.663246	0.346486	1.43487	3.72184	1.58455	8.18264	1.17089	3.74147	0.483284	2.60166	0.59059	7.50413
83	4.95	0.455714	1.46408	0.635732	3.17517	0.820997	0.376103	0.808239	0.735383	0.381552	0.820786	0.797217	0.80925	0.291711	0.723916	0.518421	0.847826	0.801099	0.817235	0.666086	0.365677	1.2778	3.84157	1.50764	8.60642	1.23011	3.85672	0.382517	2.61958	0.565901	7.61018
84	5.01	0.472769	1.48824	0.657681	3.2424	0.862528	0.40156	0.813048	0.75938	0.384763	0.832142	0.78622	0.832454	0.311762	0.733118	0.522954	0.863261	0.798478	0.840802	0.673574	0.385557	1.18149	3.95497	1.42905	9.01791	1.28359	3.97993	0.335619	2.63568	0.555598	7.71683
85	5.07	0.488545	1.51381	0.684505	3.31405	0.918492	0.429322	0.812272	0.783931	0.391233	0.843967	0.761058	0.855458	0.333077	0.743185	0.527838	0.879215	0.797857	0.864917	0.684527	0.406247	1.12046	4.0651	1.35933	9.41875	1.32611	4.11027	0.318965	2.65136	0.554835	7.8259
86	5.13	0.508068	1.54104	0.712869	3.39046	0.989368	0.459938	0.810508	0.809012	0.401158	0.856381	0.720074	0.877741	0.354528	0.754156	0.537391	0.895844	0.79416	0.889493	0.695976	0.427784	1.07732	4.17352	1.30644	9.81317	1.35795	4.24693	0.319887	2.66746	0.562179	7.93905
87	5.19	0.527729	1.56999	0.742681	3.47193	1.07473	0.493978	0.800689	0.834373	0.413132	0.869466	0.669255	0.898938	0.37404	0.766003	0.547251	0.913178	0.790289	0.914524	0.711143	0.450309	1.04634	4.28129	1.27599	10.2075	1.37287	4.38834	0.330109	2.68446	0.574554	8.05742
88	5.25	0.549424	1.60082	0.771983	3.55858	1.16901	0.531865	0.794881	0.860135	0.427834	0.883332	0.615394	0.918883	0.392742	0.778732	0.557957	0.931261	0.782409	0.939882	0.732253	0.474041	1.02271	4.38909	1.27134	10.6094	1.37617	4.53339	0.346376	2.70271	0.592899	8.1824
89	5.31	0.572927	1.63372	0.801276	3.65059	1.26531	0.573817	0.788053	0.886262	0.442877	0.898015	0.557293	0.93736	0.409016	0.792293	0.569237	0.950134	0.772456	0.965492	0.759384	0.499218	1.00324	4.49726	1.28903	11.0264	1.36956	4.68105	0.366269	2.72246	0.615745	8.31518
90	5.37	0.600436	1.66897	0.827862	3.74781	1.35677	0.619823	0.780947	0.912743	0.45799	0.913545	0.507108	0.954555	0.42469	0.806693	0.577821	0.969727	0.763002	0.991364	0.790915	0.526036	0.98825	4.60623	1.32458	11.4646	1.35689	4.83068	0.385614	2.74372	0.643237	8.45704
91	5.43	0.630136	1.70681	0.852927	3.85023	1.43867	0.669701	0.766028	0.939301	0.474327	0.92999	0.46406	0.970644	0.438815	0.821907	0.586152	0.990049	0.74912	1.01734	0.830222	0.55482	0.975612	4.71623	1.37194	11.9286	1.3434	4.98214	0.404527	2.76652	0.675589	8.60938
92	5.49	0.661784	1.74742	0.873806	3.95749	1.49589	0.722717	0.746564	0.96576	0.4893	0.947331	0.431477	0.985936	0.452107	0.83793	0.592166	1.01104	0.74232	1.04364	0.875988	0.585866	0.967787	4.82777	1.42478	12.4213	1.3301	5.13544	0.424649	2.79099	0.711435	8.77337
93	5.55	0.696338	1.7911	0.888885	4.06899	1.5289	0.778093	0.723116	0.991951	0.503116	0.965554	0.40942	1.00077	0.464794	0.854765	0.596654	1.03265	0.738073	1.07038	0.927698	0.619467	0.959751	4.94082	1.47874	12.9438	1.31832	5.29072	0.442138	2.81703	0.751337	8.95037
94	5.61	0.731632	1.83798	0.89946	4.18427	1.52658	0.834587	0.699786	1.01785	0.515994	0.984649	0.396388	1.01543	0.481047	0.872567	0.601413	1.0549	0.740257	1.09777	0.985673	0.655944	0.954529	5.05569	1.52881	13.4958	1.30625	5.44793	0.46246	2.84486	0.794211	9.14153
95	5.67	0.767622	1.88823	0.905568	4.30284	1.48827	0.890847	0.680673	1.04358	0.527861	1.0046	0.389938	1.03017	0.496604	0.89134	0.604556	1.07776	0.744668	1.12592	1.04924	0.695608	0.951375	5.17265	1.56288	14.0722	1.28742	5.6062	0.485178	2.87468	0.837772	9.34751
96	5.73	0.803848	1.94198	0.909465	4.42444	1.41907	0.945634	0.661035	1.0691	0.538047	1.02538	0.387049	1.04512	0.515083	0.911226	0.605874	1.10115	0.748418	1.15482	1.11674	0.738722	0.948349	5.29172	1.5563	14.6584	1.26151	5.76458	0.510485	2.90673	0.880698	9.56866
97	5.79	0.838179	1.99919	0.911759	4.54892	1.32431	0.997838	0.641377	1.09438	0.545294	1.04687	0.390342	1.0605	0.536671	0.932381	0.608121	1.12512	0.754362	1.18455	1.18544	0.785451	0.948891	5.41336	1.48394	15.2291	1.22255	5.92131	0.538024	2.94122	0.918765	9.80422
98	5.85	0.871044	2.05989	0.916097	4.6766	1.21398	1.04669	0.6251	1.11954	0.551747	1.06907	0.393441	1.07634	0.560328	0.954929	0.609587	1.14965	0.758228	1.21507	1.25281	0.835866	0.949255	5.53758	1.35508	15.7611	1.16243	6.07343	0.568064	2.97839	0.953543	10.0538
99	5.91	0.903698	2.12417	0.920326	4.80751	1.10078	1.0919	0.606264	1.14444	0.552823	1.09178	0.400499	1.09279	0.586226	0.979006	0.611879	1.17478	0.757818	1.24619	1.31653	0.889936	0.949734	5.66443	1.21285	16.247	1.07901	6.21755	0.600236	3.01847	0.983919	10.3166
100	5.97	0.934694	2.192	0.925064	4.94178	0.994387	1.13357	0.58931	1.16913	0.551	1.11487	0.408561	1.10991	0.613486	1.00472	0.612737	1.20046	0.760126	1.27805	1.37168	0.947422	0.949893	5.79389	1.09509	16.6948	0.970968	6.34988	0.633203	3.06162	1.00911	10.5917
101	6.03	0.96567	2.2635	0.930625	5.07959	0.90378	1.17221	0.577561	1.19383	0.545504	1.13819	0.420029	1.12787	0.638764	1.03203	0.613581	1.22669	0.757324	1.31043	1.41542	1.00794	0.949854	5.92596	1.01453	17.118	0.847215	6.46768	0.664096	3.10779	1.03287	10.8789
102	6.09	0.997437	2.33883	0.935121	5.22083	0.827176	1.20829	0.564208	1.21843	0.54053	1.16177	0.431331	1.14668	0.664831	1.06102	0.612789	1.25342	0.754194	1.34332	1.44058	1.07076	0.947551	6.06035	0.965926	17.5289	0.727077	6.57079	0.692088	3.15686	1.05481	11.1781
103	6.15	1.03358	2.41843	0.936971	5.36516	0.765854	1.24235	0.556133	1.24317	0.535232	1.18557	0.445735	1.1665	0.687483	1.0916	0.611762	1.28062	0.750573	1.3767	1.44928	1.13522	0.944315	6.19692	0.937584	17.9358	0.632157	6.66222	0.715991	3.20864	1.07651	11.4895
104	6.21	1.07076	2.50251	0.938354	5.51253	0.716139	1.27482	0.549251	1.26807	0.53063	1.20963	0.464018	1.18754	0.709342	1.12376	0.610244	1.3083	0.746006	1.41053	1.43189	1.20015	0.940655	6.33564	0.921791	18.3436	0.570334	6.74633	0.735011	3.26284	1.09758	11.8132
105	6.27	1.10953	2.59133	0.940167	5.66305	0.686921	1.30658	0.54452	1.29324	0.528744	1.23408	0.48047	1.20975	0.731126	1.15756	0.609132	1.33645	0.738328	1.44466	1.39733	1.26474	0.93656	6.47643	0.912403	18.755	0.536911	6.82704	0.746946	3.31898	1.11917	12.1497
106	6.33	1.14952	2.68512	0.944733	5.81721	0.674674	1.33836	0.546437	1.31899	0.530018	1.25905	0.501006	1.23336	0.754482	1.19311	0.608407	1.36512	0.73212	1.47915	1.34211	1.32798	0.932294	6.61928	0.908638	19.1727	0.522137	6.90704	0.751301	3.37654	1.13905	12.4987
107	6.39	1.18638	2.78376	0.952256	5.97556	0.678432	1.37094	0.547171	1.34526	0.534226	1.2847	0.521789	1.25841	0.776811	1.2304	0.610529	1.39443	0.728266	1.51412	1.27352	1.38912	0.925063	6.76372	0.907343	19.5977	0.518176	6.98795	0.75075	3.43515	1.1568	12.86
108	6.45	1.21908	2.88703	0.962334	6.1386	0.688951	1.40464	0.554029	1.37236	0.541862	1.3112	0.545041	1.28507	0.802938	1.26968	0.614684	1.4245	0.726727	1.54967	1.19791	1.44772	0.915562	6.90937	0.90809	20.0311	0.519926	7.07066	0.745768	3.49447	1.16874	13.2318
109	6.51	1.2439	2.99438	0.97662	6.30716	0.704477	1.43975	0.562817	1.40041	0.554127	1.33882	0.570879	1.31352	0.829015	1.31099	0.623554	1.45558	0.727001	1.5859	1.12422	1.50375	0.902545	7.05564	0.910938	20.474	0.52513	7.15577	0.736805	3.55417	1.17241	13.6118
110	6.57	1.26239	3.10533	0.992826	6.48169	0.721423	1.47636	0.575996	1.42965	0.567249	1.36761	0.59899	1.34392	0.853981	1.35434	0.633408	1.48773	0.732026	1.62305	1.0606	1.55758	0.88767	7.20216	0.914838	20.927	0.532841	7.24372	0.726237	3.61411	1.1607	13.995
111	6.63	1.27726	3.21966	1.01188	6.66283	0.741178	1.51467	0.589316	1.46011	0.583887	1.39779	0.62676	1.37632	0.879805	1.39981	0.649972	1.52132	0.742513	1.66143	1.00972	1.60977	0.872157	7.34876	0.920952	21.3914	0.541302	7.3347	0.715592	3.67425	1.13291	14.3759
112	6.69	1.28739	3.33698	1.03245	6.85102	0.763042	1.55483	0.608639	1.49214	0.602647	1.4295	0.65572	1.41083	0.904634	1.44742	0.667909	1.55647	0.756555	1.70124	0.976679	1.66117	0.858295	7.49565	0.928257	21.868	0.551251	7.42905	0.704507	3.73454	1.09171	14.7496
113	6.75	1.29854	3.45746	1.05385	7.04656	0.787792	1.59704	0.630172	1.5259	0.623495	1.46291	0.684415	1.4475	0.92954	1.49722	0.690131	1.59345	0.776947	1.74287	0.954793	1.71232	0.845679	7.64299	0.937294	22.3579	0.563274	7.52719	0.695826	3.79515	1.04702	15.1144
114	6.81	1.30919	3.58109	1.07637	7.24985	0.812286	1.64133	0.65623	1.56168	0.647206	1.4982	0.71382	1.48642	0.957017	1.54941	0.713976	1.63238	0.804307	1.78673	0.942738	1.76373	0.837402	7.79149	0.94788	22.8622	0.574792	7.62912	0.68781	3.85614	1.00704	15.4716
115	6.87	1.31871	3.70782	1.09894	7.46108	0.840474	1.68797	0.68417	1.59965	0.670254	1.5354	0.743746	1.5277	0.984074	1.60402	0.738377	1.67336	0.83366	1.83299	0.939984	1.8159	0.830996	7.94147	0.959031	23.3815	0.588611	7.73535	0.684526	3.91791	0.976287	15.824
116	6.93	1.32804	3.83769	1.12011	7.68015	0.866287	1.73689	0.715091	1.64003	0.695095	1.57465	0.771485	1.57126	1.01704	1.66146	0.765311	1.71657	0.8668	1.88194	0.938935	1.86892	0.827547	8.09344	0.968384	23.915	0.601972	7.8459	0.684509	3.98077	0.954085	16.1744
117	6.99	1.33285	3.9703	1.1395	7.90689	0.893158	1.78821	0.747762	1.683	0.720894	1.61607	0.800652	1.61726	1.05201	1.7219	0.792953	1.76213	0.901506	1.93374	0.941168	1.92299	0.820469	8.24674	0.976601	24.4624	0.617376	7.96125	0.686732	4.04492	0.937276	16.5246
118	7.05	1.33182	4.10509	1.15882	8.14145	0.917321	1.84182	0.779635	1.72856	0.747446	1.65975	0.829836	1.66576	1.09239	1.78574	0.821347	1.81013	0.93661	1.98848	0.947243	1.97835	0.808072	8.40032	0.982782	25.0227	0.632794	8.08152	0.693808	4.11085	0.925892	16.8766
119	7.11	1.32264	4.24123	1.17611	8.38358	0.941818	1.8978	0.813527	1.77692	0.775468	1.70585	0.85829	1.71678	1.1301	1.85292	0.847969	1.86054	0.971356	2.04622	0.953356	2.03502	0.788624	8.55277	0.986672	25.5949	0.650072	8.20718	0.702754	4.17878	0.920512	17.2325
120	7.17	1.30812	4.37817	1.19178	8.63309	0.963944	1.95607	0.84561	1.82803	0.805266	1.75452	0.888697	1.7705	1.17025	1.92366	0.874882	1.91343	1.00458	2.10694	0.96134	2.09313	0.763024	8.70277	0.988996	26.1782	0.667462	8.33839	0.714981	4.24905	0.921998	17.595
121	7.23	1.28719	4.51518	1.20416	8.88943	0.985025	2.01662	0.87788	1.88199	0.836635	1.80595	0.921155	1.82712	1.20095	1.99747	0.899457	1.96871	1.03407	2.1705	0.968681	2.15267	0.74011	8.85071	0.98898	26.7712	0.685284	8.47537	0.730356	4.32205	0.928487	17.9662
122	7.29	1.26428	4.65199	1.2146	9.15231	1.00362	2.07933	0.907257	1.93869	0.866911	1.86012	0.952407	1.88664	1.22425	2.07398	0.921582	2.0263	1.06208	2.23687	0.976589	2.2137	0.722778	8.99759	0.988239	27.3737	0.704131	8.61847	0.744807	4.39773	0.938384	18.3475
123	7.35	1.24059	4.78846	1.22405	9.42161	1.01986	2.14412	0.936577	1.99818	0.899212	1.91724	0.984421	1.94917	1.23869	2.15266	0.942706	2.08618	1.08965	2.30609	0.982834	2.27613	0.716381	9.14558	0.985349	27.9844	0.725242	8.76828	0.759437	4.47617	0.947509	18.739
124	7.41	1.21875	4.92473	1.23053	9.69677	1.03776	2.21112	0.964347	2.06045	0.930941	1.97735	1.01681	2.01482	1.24488	2.23304	0.961426	2.14826	1.1142	2.37803	0.989729	2.34003	0.719334	9.29661	0.981618	28.6027	0.746635	8.92505	0.773552	4.55738	0.955378	19.1402
125	7.47	1.19983	5.06106	1.23259	9.97687	1.05192	2.28014	0.991278	2.12549	0.961499	2.04044	1.04766	2.08356	1.24534	2.31475	0.976489	2.21233	1.13651	2.4526	0.995817	2.40537	0.729213	9.45221	0.974872	29.2267	0.76813	9.08895	0.786525	4.64129	0.960116	19.5499
126	7.53	1.18231	5.19756	1.23253	10.2615	1.06604	2.35122	1.01545	2.19319	0.989576	2.10641	1.08119	2.15565	1.23599	2.39715	0.992409	2.2785	1.1567	2.52972	1.00076	2.4721	0.74293	9.61329	0.968483	29.8567	0.790725	9.2604	0.799494	4.72796	0.961644	19.967
127	7.59	1.16995	5.3348	1.22921	10.5499	1.07735	2.4242	1.03904	2.26357	1.01821	2.17539	1.10838	2.23073	1.22325	2.48002	1.00733	2.34673	1.17209	2.60911	1.00368	2.54009	0.760596	9.78084	0.960449	30.4914	0.813071	9.43951	0.811638	4.81736	0.959708	20.3898
128	7.65	1.16003	5.47304	1.22199	10.8411	1.08823	2.49908	1.06	2.33652	1.04426	2.24725	1.13658	2.30894	1.21008	2.56329	1.02275	2.41711	1.18252	2.69049	1.0086	2.60949	0.779186	9.95521	0.953704	31.1317	0.837297	9.62689	0.823779	4.90954	0.955902	20.8176
129	7.71	1.15426	5.61275	1.21256	11.1346	1.09512	2.57563	1.08274	2.4122	1.06732	2.32185	1.16022	2.39004	1.19387	2.64674	1.03717	2.48961	1.18984	2.77366	1.01555	2.68048	0.798158	10.1366	0.94796	31.7782	0.861445	9.8227	0.834678	5.0044	0.951089	21.25
130	7.77	1.15087	5.75423	1.19988	11.4297	1.10393	2.654	1.10042	2.49032	1.09184	2.39936	1.18173	2.47393	1.17574	2.7302	1.05083	2.5642	1.19571	2.85854	1.02087	2.75295	0.819447	10.3258	0.942824	32.4311	0.888107	10.0277	0.845429	5.10199	0.946975	21.6872
131	7.83	1.15071	5.89789	1.187	11.726	1.10928	2.73396	1.11586	2.57076	1.11313	2.4796	1.20045	2.56047	1.16254	2.81401	1.06863	2.64124	1.19808	2.94491	1.02828	2.82708	0.840267	10.5228	0.939856	33.0922	0.914481	10.2421	0.854794	5.20219	0.944291	22.13
132	7.89	1.15142	6.04384	1.17401	12.0237	1.11268	2.81541	1.12996	2.65347	1.13496	2.56268	1.2116	2.64916	1.14855	2.89808	1.08496	2.72066	1.19369	3.03229	1.03453	2.90281	0.862368	10.7281	0.93827	33.7622	0.94228	10.4664	0.863028	5.30491	0.942519	22.5787
133	7.95	1.15452	6.19242	1.16198	12.3227	1.11653	2.89839	1.14215	2.73835	1.15473	2.6485	1.22035	2.73985	1.14179	2.98294	1.10246	2.80259	1.18992	3.12072	1.04234	2.98027	0.884533	10.9419	0.939067	34.4431	0.969985	10.7009	0.86864	5.40988	0.9431	23.0346
134	8.01	1.15678	6.34355	1.14998	12.6232	1.12104	2.98297	1.15136	2.82522	1.17117	2.73686	1.22726	2.83244	1.13805	3.0688	1.12163	2.88721	1.18229	3.20991	1.04839	3.05936	0.907643	11.1646	0.940356	35.1352	0.998698	10.9459	0.873604	5.51705	0.946304	23.4989
135	8.07	1.1604	6.49743	1.13861	12.9252	1.12468	3.06909	1.16096	2.91412	1.18718	2.82777	1.23014	2.92664	1.13704	3.15587	1.13962	2.97448	1.17316	3.29975	1.05383	3.14006	0.931254	11.3965	0.943293	35.84	1.02476	11.2011	0.877095	5.62626	0.950157	23.9722
136	8.13	1.16372	6.65406	1.12957	13.2293	1.12818	3.15677	1.16882	3.00496	1.20149	2.92115	1.23215	3.0224	1.13997	3.24447	1.15704	3.06441	1.16501	3.3903	1.0594	3.2224	0.955741	11.638	0.945625	36.557	1.0507	11.4666	0.880184	5.73749	0.954851	24.4548
137	8.19	1.16465	6.81313	1.12178	13.5357	1.13273	3.24611	1.17633	3.09774	1.21075	3.01664	1.23557	3.11986	1.14489	3.33477	1.17551	3.15712	1.15746	3.48159	1.06274	3.30622	0.9792	11.8892	0.947956	37.2864	1.07559	11.7425	0.883465	5.85079	0.960423	24.9475
138	8.25	1.16497	6.97458	1.11494	13.8447	1.13788	3.33718	1.18421	3.19252	1.2186	3.11417	1.23329	3.21856	1.15358	3.42709	1.19216	3.25253	1.15101	3.57371	1.06804	3.3917	1.00144	12.1498	0.948249	38.0268	1.09655	12.0279	0.887279	5.96626	0.967117	25.451
139	8.31	1.16609	7.13855	1.10847	14.1565	1.14141	3.42986	1.19211	3.28931	1.22266	3.21345	1.23341	3.31871	1.16421	3.52162	1.20775	3.3506	1.1463	3.66679	1.06739	3.47837	1.02172	12.4196	0.947445	38.7774	1.11535	12.3224	0.894396	6.08435	0.97361	25.9651
140	8.37	1.1632	7.30449	1.10357	14.4713	1.14504	3.52419	1.19915	3.3881	1.22527	3.31438	1.23337	3.42031	1.17422	3.61835	1.22166	3.45124	1.14412	3.76103	1.06827	3.56637	1.03867	12.6979	0.944994	39.5368	1.12797	12.6246	0.90403	6.20544	0.98018	26.4903
141	8.43	1.15883	7.47218	1.0978	14.789	1.14954	3.62025	1.20962	3.48918	1.22706	3.41692	1.23032	3.52312	1.1872	3.71756	1.23247	3.55423	1.14294	3.85654	1.06773	3.65559	1.05108	12.9835	0.942833	40.3055	1.13616	12.9334	0.914552	6.3297	0.986765	27.0266
142	8.49	1.15318	7.64143	1.093	15.1099	1.15109	3.71781	1.21775	3.59239	1.22582	3.52082	1.23021	3.62739	1.19743	3.81905	1.24154	3.65946	1.14541	3.95362	1.06435	3.7458	1.06273	13.2764	0.941885	41.0843	1.14077	13.2478	0.92711	6.45747	0.992063	27.5735
143	8.55	1.1454	7.81193	1.08765	15.4337	1.15011	3.81667	1.22678	3.69784	1.22585	3.62619	1.22689	3.73285	1.20601	3.92271	1.24889	3.76681	1.14855	4.05235	1.06077	3.83698	1.07103	13.5758	0.942964	41.8751	1.1388	13.5661	0.942436	6.5892	0.997021	28.1309
144	8.61	1.13594	7.9834	1.08274	15.7606	1.15046	3.91695	1.23564	3.80555	1.2261	3.73307	1.22627	3.83974	1.21101	4.02828	1.25537	3.87624	1.15338	4.15289	1.05709	3.92913	1.07708	13.8812	0.945562	42.6792	1.13353	13.8875	0.957415	6.7249	1.00123	28.6986
145	8.67	1.12523	8.15563	1.0766	16.0901	1.14825	4.01845	1.24358	3.91547	1.22469	3.84131	1.22559	3.94807	1.21463	4.13563	1.25607	3.98726	1.15937	4.25536	1.05345	4.02224	1.08221	14.1922	0.94942	43.4979	1.12559	14.211	0.972646	6.86469	1.00389	29.2757
146	8.73	1.114	8.32851	1.07096	16.4225	1.14508	4.12106	1.24909	4.0274	1.22579	3.95116	1.22617	4.05795	1.21489	4.24451	1.2561	4.09982	1.16385	4.35966	1.04879	4.11623	1.08516	14.5085	0.954552	44.3325	1.11654	14.5364	0.9897	7.0089	1.00562	29.8618
147	8.79	1.10182	8.50186	1.06406	16.7574	1.13957	4.22459	1.25233	4.14118	1.22774	4.06271	1.22825	4.16954	1.21161	4.35458	1.25346	4.2137	1.16656	4.46564	1.04431	4.21111	1.08902	14.8302	0.959905	45.1833	1.10831	14.8639	1.00538	7.15742	1.00678	30.4567
148	8.85	1.09024	8.67573	1.05714	17.0946	1.13499	4.32912	1.2516	4.25645	1.22898	4.17589	1.23054	4.28287	1.20753	4.46579	1.24761	4.3286	1.16778	4.57319	1.04084	4.30696	1.09149	15.1571	0.965948	46.0512	1.1008	15.1936	1.02134	7.31037	1.00733	31.0601
149	8.91	1.07667	8.84978	1.05023	17.4341	1.1271	4.43434	1.24764	4.37291	1.23207	4.2909	1.23185	4.39786	1.20188	4.57799	1.24328	4.44466	1.16857	4.68228	1.03854	4.40391	1.09384	15.4892	0.972279	46.9367	1.09539	15.5261	1.0373	7.46782	1.00899	31.6727
150	8.97	1.06447	9.02418	1.04367	17.7761	1.11963	4.54026	1.24231	4.49045	1.23567	4.40781	1.23353	4.51457	1.19315	4.69087	1.23671	4.56167	1.16294	4.7923	1.03526	4.50186	1.09633	15.8265	0.978722	47.8401	1.09235	15.8622	1.05254	7.62974	1.01062	32.2946
151	9.03	1.05166	9.1988	1.03701	18.1205	1.11057	4.64675	1.23218	4.60859	1.23943	4.52665	1.23493	4.63297	1.18574	4.80456	1.22951	4.67956	1.15462	4.90301	1.03185	4.60079	1.10017	16.1695	0.985121	48.7616	1.08981	16.202	1.06736	7.79614	1.01227	32.9259
152	9.09	1.03834	9.3735	1.03004	18.4671	1.10128	4.75375	1.22054	4.72718	1.24059	4.64718	1.23494	4.75296	1.17637	4.91885	1.22399	4.79848	1.1445	5.01421	1.02968	4.70083	1.10277	16.518	0.991678	49.7016	1.08881	16.546	1.08188	7.96706	1.01439	33.5669
153	9.15	1.02624	9.54845	1.024	18.8162	1.09106	4.86116	1.20803	4.8461	1.24031	4.76929	1.23542	4.87458	1.16678	5.03372	1.21691	4.91828	1.13203	5.12565	1.02684	4.80192	1.10559	16.8719	0.997831	50.6599	1.08866	16.8945	1.09577	8.14247	1.01745	34.2184
154	9.21	1.01232	9.7233	1.01684	19.1675	1.08041	4.96892	1.19331	4.96512	1.23875	4.89284	1.23536	4.9978	1.15985	5.1494	1.2117	5.03913	1.11669	5.23703	1.02271	4.90393	1.10835	17.2314	1.00353	51.6365	1.08795	17.2474	1.11024	8.32253	1.0202	34.8802
155	9.27	1.0003	9.89833	1.01028	19.521	1.06984	5.07702	1.17912	5.08427	1.23647	5.01778	1.23422	5.12251	1.15104	5.26571	1.20481	5.16087	1.10205	5.34839	1.01811	5.0068	1.10984	17.5961	1.00942	52.6316	1.08629	17.6044	1.12325	8.50707	1.0232	35.5526
156	9.33	0.988293	10.0735	1.00477	19.8772	1.05865	5.18538	1.16672	5.20369	1.23287	5.14397	1.23341	5.24876	1.14451	5.38286	1.19945	5.28364	1.08595	5.45954	1.01436	5.11063	1.1103	17.9657	1.01455	53.6447	1.08361	17.9651	1.13538	8.69604	1.02632	36.2359
157	9.39	0.977917	10.2491	0.998089	20.2356	1.04826	5.29406	1.15422	5.32336	1.22707	5.27119	1.23261	5.37655	1.13717	5.50076	1.19415	5.40745	1.06944	5.57042	1.01001	5.21535	1.10934	18.3398	1.01933	54.6757	1.08016	18.3293	1.14582	8.88921	1.02885	36.9297
158	9.45	0.967581	10.425	0.992821	20.5967	1.03878	5.40314	1.14493	5.44358	1.22274	5.39959	1.23413	5.50614	1.13048	5.61947	1.18724	5.53212	1.05569	5.68127	1.00609	5.32099	1.10642	18.7176	1.02351	55.7243	1.07625	18.6968	1.15385	9.08622	1.03093	37.6338
159	9.51	0.958679	10.6016	0.987344	20.9603	1.03059	5.51274	1.13536	5.56432	1.21518	5.52881	1.23523	5.6375	1.12453	5.73905	1.18046	5.65765	1.04414	5.79231	1.00099	5.42744	1.10198	19.0987	1.02748	56.7903	1.07177	19.0675	1.16062	9.28691	1.03249	38.3479
160	9.57	0.950414	10.7788	0.981988	21.3266	1.02322	5.62293	1.129	5.68591	1.20876	5.65899	1.23885	5.77091	1.11808	5.85946	1.17277	5.78395	1.03227	5.90348	0.996414	5.53475	1.09699	19.4829	1.03084	57.8733	1.06897	19.4418	1.1651	9.49093	1.0323	39.071
161	9.63	0.943332	10.957	0.977804	21.6959	1.01587	5.7337	1.1253	5.80861	1.2007	5.78992	1.24245	5.9064	1.11212	5.98073	1.16326	5.9108	1.02156	6.01487	0.993319	5.64306	1.09192	19.8701	1.0335	58.9728	1.06594	19.8198	1.16954	9.6983	1.0304	39.8018
162	9.69	0.936379	11.136	0.973878	22.0683	1.01211	5.84545	1.12037	5.93231	1.19177	5.9215	1.24569	6.04393	1.10575	6.10282	1.15627	6.03846	1.01322	6.12674	0.989737	5.75234	1.08511	20.2597	1.03568	60.0884	1.06369	20.2017	1.17161	9.90863	1.02732	40.5395
163	9.75	0.930318	11.3161	0.970783	22.4441	1.00708	5.95802	1.11836	6.05732	1.18485	6.05394	1.24649	6.18326	1.09908	6.22567	1.14804	6.16679	1.00653	6.23925	0.98741	5.86271	1.07885	20.6519	1.03794	61.2203	1.06302	20.5882	1.17274	10.1218	1.02229	41.2827
164	9.81	0.924056	11.4971	0.968933	22.8239	1.00413	6.07165	1.11589	6.1836	1.17622	6.18704	1.24382	6.32402	1.09257	6.34931	1.13919	6.2957	1.00081	6.3525	0.984574	5.97413	1.07291	21.0467	1.03859	62.3669	1.06316	20.9794	1.1727	10.3376	1.01573	42.0303
165	9.87	0.918218	11.6793	0.967547	23.2077	1.00109	6.18632	1.11034	6.31078	1.16661	6.32068	1.23988	6.46604	1.08508	6.4736	1.13184	6.42535	0.995996	6.46659	0.983675	6.0868	1.06556	21.4436	1.03928	63.5284	1.06421	21.3758	1.17232	10.5559	1.00908	42.7821
166	9.93	0.913136	11.8626	0.967131	23.5961	0.997782	6.30201	1.10567	6.43898	1.15963	6.45513	1.23124	6.6088	1.07649	6.59842	1.12517	6.55581	0.991062	6.5815	0.982524	6.20072	1.05951	21.8431	1.03941	64.7041	1.06374	21.7769	1.16938	10.7764	1.00169	43.5375
167	9.99	0.908693	12.0473	0.96738	23.9893	0.993836	6.41864	1.09816	6.56785	1.15525	6.5907	1.21998	6.75196	1.069	6.72386	1.11894	6.68712	0.988506	6.6975	0.981233	6.31587	1.05285	22.2449	1.03879	65.8934	1.06526	22.1835	1.16532	10.9987	0.995366	44.2972
168	10.05	0.903952	12.2332	0.96852	24.3876	0.988914	6.53608	1.08944	6.69724	1.14983	6.72726	1.2062	6.89522	1.06055	6.84982	1.11159	6.81913	0.984155	6.81439	0.980164	6.43228	1.04597	22.6489	1.03779	67.0959	1.06507	22.5948	1.15942	11.2226	0.98898	45.0611
169	10.11	0.901057	12.4207	0.969396	24.7912	0.984246	6.65438	1.07786	6.82678	1.14512	6.86489	1.18909	7.03813	1.05026	6.97605	1.10753	6.95224	0.982854	6.93251	0.981094	6.55019	1.03886	23.0549	1.03571	68.3103	1.06624	23.0116	1.1522	11.4478	0.983752	45.8301
170	10.17	0.899478	12.6102	0.970815	25.2001	0.980374	6.77361	1.06752	6.95661	1.14183	7.00375	1.16983	7.1804	1.04049	7.10259	1.10236	7.08631	0.979493	7.05164	0.980766	6.66947	1.03158	23.4629	1.03388	69.537	1.06608	23.4332	1.1462	11.6745	0.980014	46.6053
171	10.23	0.898826	12.8017	0.970643	25.6138	0.975398	6.89364	1.05357	7.08626	1.13877	7.14389	1.14891	7.32178	1.03122	7.22949	1.09676	7.22127	0.977896	7.17197	0.98098	6.79019	1.02412	23.8728	1.03164	70.7756	1.06688	23.8602	1.1392	11.9024	0.977015	47.3873
172	10.29	0.899687	12.9957	0.972553	26.0331	0.970692	7.01449	1.04188	7.21598	1.13463	7.28515	1.12706	7.46211	1.02097	7.3566	1.09109	7.35712	0.977329	7.29365	0.981087	6.91234	1.01712	24.2846	1.02871	72.0251	1.06618	24.2918	1.13377	12.1319	0.975516	48.1773
173	10.35	0.902036	13.1924	0.971906	26.4571	0.966646	7.13625	1.02968	7.34568	1.12906	7.42737	1.10594	7.60141	1.01286	7.48418	1.08537	7.49383	0.975732	7.41656	0.982083	7.03604	1.00973	24.6982	1.02583	73.2858	1.0638	24.7276	1.12934	12.3632	0.974885	48.976
174	10.41	0.905571	13.3923	0.971899	26.8861	0.962884	7.25895	1.01701	7.47527	1.12354	7.57054	1.08491	7.73966	1.00527	7.61228	1.07895	7.63132	0.975066	7.54081	0.983492	7.16136	1.00271	25.1137	1.02258	74.557	1.06026	25.167	1.1257	12.5965	0.975285	49.7842
175	10.47	0.910197	13.5954	0.971224	27.3196	0.960358	7.38274	1.00651	7.60501	1.11493	7.71425	1.06694	7.87718	0.997662	7.74088	1.07176	7.76947	0.976441	7.66667	0.984474	7.28826	0.995455	25.531	1.01947	75.839	1.05556	25.6094	1.12254	12.8318	0.976132	50.6026
176	10.53	0.91587	13.8022	0.970232	27.7578	0.95701	7.50751	0.997398	7.73505	1.10769	7.85867	1.04921	8.01398	0.991355	7.87013	1.06427	7.90823	0.976612	7.794	0.985301	7.41672	0.988755	25.9502	1.01595	77.1313	1.0482	26.0539	1.11991	13.0692	0.97788	51.4318
177	10.59	0.922555	14.0129	0.968825	28.2002	0.955625	7.63353	0.988684	7.86543	1.0977	8.00342	1.03512	8.15048	0.984952	8.00002	1.05478	8.04732	0.977773	7.92294	0.986545	7.54682	0.98188	26.3713	1.01248	78.4339	1.04002	26.4999	1.11792	13.3089	0.979568	52.272
178	10.65	0.929578	14.2276	0.966331	28.6466	0.95431	7.7608	0.980477	7.99619	1.08763	8.14848	1.02115	8.28667	0.978673	8.13054	1.0452	8.18672	0.980137	8.05366	0.987649	7.67854	0.975989	26.7946	1.00897	79.7468	1.0304	26.9468	1.11507	13.5507	0.981289	53.1232
179	10.71	0.935848	14.4462	0.965097	29.0974	0.954618	7.88956	0.972577	8.12737	1.07816	8.2939	1.01186	8.42314	0.974033	8.26191	1.03494	8.32631	0.981456	8.18603	0.989768	7.81204	0.97009	27.2201	1.00547	81.0698	1.02014	27.3942	1.11175	13.7945	0.982727	53.9853
180	10.77	0.94222	14.6687	0.963832	29.5527	0.95451	8.01975	0.966464	8.25918	1.06703	8.43943	1.00253	8.55988	0.967853	8.39392	1.02456	8.46605	0.983088	8.32012	0.990972	7.9472	0.965471	27.6483	1.00188	82.4029	1.01048	27.8424	1.1071	14.0401	0.98438	54.8585
181	10.83	0.947787	14.8951	0.963208	30.0128	0.954038	8.15132	0.959988	8.39158	1.05549	8.585	0.995045	8.69711	0.962817	8.52671	1.01396	8.60589	0.984436	8.45588	0.991943	8.084	0.961479	28.0796	0.998827	83.7469	1.0017	28.2917	1.10205	14.2872	0.985463	55.7425
182	10.89	0.952282	15.125	0.963394	30.4781	0.955751	8.2846	0.954982	8.52475	1.04533	8.73077	0.986425	8.83467	0.956515	8.66009	1.00188	8.7456	0.984855	8.59322	0.994562	8.22269	0.957503	28.5138	0.995421	85.1011	0.994706	28.7428	1.09504	14.5355	0.986967	56.6377
183	10.95	0.955105	15.3582	0.964374	30.949	0.957128	8.41954	0.947494	8.65834	1.03441	8.87661	0.977295	8.97245	0.950176	8.79405	0.989563	8.88511	0.984851	8.73207	0.996052	8.36312	0.954859	28.9516	0.993179	86.4672	0.989154	29.1963	1.08569	14.7844	0.988273	57.5439
184	11.01	0.957673	15.5946	0.96536	31.4255	0.958421	8.55615	0.941923	8.7926	1.02349	9.02249	0.968342	9.11048	0.945714	8.92885	0.976661	9.02432	0.982892	8.87217	0.998986	8.50551	0.953883	29.3938	0.990904	87.8452	0.985605	29.6532	1.07688	15.034	0.990001	58.4617
185	11.07	0.959317	15.834	0.967583	31.9084	0.960516	8.69456	0.937074	8.92762	1.01198	9.16831	0.957815	9.24849	0.939975	9.0643	0.963547	9.16316	0.980778	9.0135	1.00092	8.64974	0.954783	29.8412	0.989187	89.2358	0.983511	30.114	1.06531	15.2836	0.991872	59.3913
186	11.13	0.960119	16.0762	0.969978	32.3978	0.961224	8.83457	0.932653	9.06347	0.998292	9.31373	0.947477	9.38651	0.935445	9.20056	0.951575	9.30177	0.977651	9.1559	1.00292	8.79583	0.956153	30.2941	0.987913	90.6397	0.982598	30.5795	1.05522	15.5335	0.994002	60.333
187	11.19	0.96034	16.321	0.97238	32.8936	0.962705	8.97632	0.929005	9.20026	0.986896	9.45903	0.934466	9.52409	0.932053	9.33779	0.939202	9.44006	0.973407	9.29922	1.0062	8.94398	0.959834	30.7537	0.98755	92.0583	0.983061	31.0502	1.04304	15.7832	0.996825	61.2876
188	11.25	0.961627	16.5689	0.974555	33.3959	0.96414	9.1198	0.927094	9.33823	0.972048	9.60369	0.921282	9.6612	0.927106	9.47576	0.928487	9.57823	0.969235	9.44346	1.00812	9.094	0.96425	31.2203	0.987757	93.4924	0.984173	31.5265	1.0314	16.0328	0.999612	62.2552
189	11.31	0.963019	16.8197	0.97671	33.9047	0.965863	9.26508	0.924527	9.47729	0.957595	9.74772	0.907153	9.79764	0.923515	9.61467	0.918575	9.7164	0.965075	9.58862	1.01025	9.24596	0.97053	31.6951	0.988852	94.9434	0.986146	32.0089	1.01973	16.2822	1.00281	63.2362
190	11.37	0.964577	17.0736	0.978319	34.4198	0.966254	9.41196	0.925078	9.61791	0.944154	9.89125	0.894034	9.93355	0.918704	9.75432	0.909567	9.85466	0.960166	9.73458	1.01243	9.39986	0.97524	32.1772	0.989652	96.4111	0.988114	32.4973	1.00782	16.5313	1.00586	64.2307
191	11.43	0.966726	17.3308	0.979909	34.9412	0.966542	9.56044	0.926437	9.76023	0.929296	10.034	0.880534	10.0688	0.915052	9.89489	0.902514	9.99331	0.956767	9.88155	1.01397	9.55562	0.980785	32.6671	0.991069	97.8965	0.989752	32.9918	0.996529	16.7802	1.00865	65.2385
192	11.49	0.970314	17.5916	0.980623	35.4684	0.968284	9.71075	0.929235	9.90448	0.915	10.176	0.86797	10.2036	0.912175	10.0365	0.896868	10.1325	0.953426	10.0296	1.0155	9.71327	0.985557	33.1647	0.992406	99.3995	0.99181	33.4925	0.985494	17.029	1.01184	66.2601
193	11.55	0.974186	17.8562	0.98157	36.0017	0.969861	9.86288	0.933408	10.0509	0.902404	10.3176	0.856295	10.3379	0.909044	10.1791	0.893134	10.2726	0.950644	10.1787	1.01743	9.87286	0.989858	33.6696	0.994054	100.921	0.992843	33.999	0.975498	17.2778	1.01481	67.2954
194	11.61	0.979244	18.125	0.982053	36.5407	0.971237	10.0168	0.938506	10.1996	0.891026	10.4588	0.847016	10.4721	0.906228	10.3227	0.89048	10.4138	0.94959	10.3292	1.01737	10.0341	0.991746	34.1808	0.995592	102.46	0.993967	34.5113	0.966044	17.5267	1.01736	68.3442
195	11.67	0.984367	18.398	0.982741	37.0858	0.973931	10.1728	0.944323	10.3509	0.881815	10.6	0.839102	10.6065	0.906502	10.4679	0.890272	10.5563	0.948325	10.4811	1.01875	10.1973	0.993496	34.6982	0.996959	104.018	0.994787	35.0294	0.959029	17.7765	1.02001	69.4066
196	11.73	0.989528	18.6752	0.983625	37.637	0.977239	10.3309	0.950386	10.5046	0.874139	10.7415	0.834811	10.7416	0.905352	10.6144	0.890537	10.7004	0.948776	10.6346	1.01904	10.3621	0.994113	35.2212	0.998109	105.593	0.995468	35.5531	0.952774	18.0271	1.02241	70.4825
197	11.79	0.995684	18.9571	0.984619	38.1943	0.980039	10.4911	0.956179	10.6609	0.868619	10.8834	0.832227	10.8776	0.907133	10.7626	0.892569	10.8463	0.948465	10.7896	1.01969	10.5288	0.994089	35.7496	0.999706	107.187	0.995263	36.0821	0.947611	18.279	1.0243	71.5714
198	11.85	1.00083	19.2432	0.985902	38.7582	0.986266	10.6539	0.962167	10.8198	0.864716	11.0262	0.831805	11.0149	0.910042	10.9129	0.894901	10.9941	0.949149	10.9463	1.01953	10.6971	0.993278	36.283	1.00102	108.8	0.995129	36.6165	0.943839	18.5324	1.02653	72.6738
199	11.91	1.006	19.5338	0.986836	39.3282	0.992585	10.8195	0.967869	10.9812	0.864836	11.1705	0.834161	11.1541	0.914371	11.0654	0.900473	11.1443	0.950278	11.1048	1.01883	10.8671	0.993123	36.8217	1.0022	110.431	0.99424	37.1558	0.939836	18.7872	1.02837	73.7894
200	11.97	1.01018	19.8285	0.988177	39.9048	0.998813	10.9878	0.97162	11.1449	0.864875	11.3162	0.837759	11.2952	0.920655	11.2205	0.905981	11.2969	0.951034	11.265	1.0187	11.0387	0.992851	37.3657	1.00322	112.08	0.993319	37.7	0.937214	19.044	1.02983	74.9179
