#	Row	Li	Ow	Li	Hw	Li	CBT	Li	F1	Li	SBT	Li	NBT	Li	OBT	Li	C00	Li 	N01	Li	C02	Li	C03	Li	O04	Li	H05	Li	H08	c_myRDF1[29]
1	0.03	0	0	0	0	0	0	0	0	0	0	0	0	0	0	0	0	0	0	0	0	0	0	0	0	0	0	0	0	
2	0.09	0	0	0	0	0	0	0	0	0	0	0	0	0	0	0	0	0	0	0	0	0	0	0	0	0	0	0	0	
3	0.15	0	0	0	0	0	0	0	0	0	0	0	0	0	0	0	0	0	0	0	0	0	0	0	0	0	0	0	0	
4	0.21	0	0	0	0	0	0	0	0	0	0	0	0	0	0	0	0	0	0	0	0	0	0	0	0	0	0	0	0	
5	0.27	0	0	0	0	0	0	0	0	0	0	0	0	0	0	0	0	0	0	0	0	0	0	0	0	0	0	0	0	
6	0.33	0	0	0	0	0	0	0	0	0	0	0	0	0	0	0	0	0	0	0	0	0	0	0	0	0	0	0	0	
7	0.39	0	0	0	0	0	0	0	0	0	0	0	0	0	0	0	0	0	0	0	0	0	0	0	0	0	0	0	0	
8	0.45	0	0	0	0	0	0	0	0	0	0	0	0	0	0	0	0	0	0	0	0	0	0	0	0	0	0	0	0	
9	0.51	0	0	0	0	0	0	0	0	0	0	0	0	0	0	0	0	0	0	0	0	0	0	0	0	0	0	0	0	
10	0.57	0	0	0	0	0	0	0	0	0	0	0	0	0	0	0	0	0	0	0	0	0	0	0	0	0	0	0	0	
11	0.63	0	0	0	0	0	0	0	0	0	0	0	0	0	0	0	0	0	0	0	0	0	0	0	0	0	0	0	0	
12	0.69	0	0	0	0	0	0	0	0	0	0	0	0	0	0	0	0	0	0	0	0	0	0	0	0	0	0	0	0	
13	0.75	0	0	0	0	0	0	0	0	0	0	0	0	0	0	0	0	0	0	0	0	0	0	0	0	0	0	0	0	
14	0.81	0	0	0	0	0	0	0	0	0	0	0	0	0	0	0	0	0	0	0	0	0	0	0	0	0	0	0	0	
15	0.87	0	0	0	0	0	0	0	0	0	0	0	0	0	0	0	0	0	0	0	0	0	0	0	0	0	0	0	0	
16	0.93	0	0	0	0	0	0	0	0	0	0	0	0	0	0	0	0	0	0	0	0	0	0	0	0	0	0	0	0	
17	0.99	0	0	0	0	0	0	0	0	0	0	0	0	0	0	0	0	0	0	0	0	0	0	0	0	0	0	0	0	
18	1.05	0	0	0	0	0	0	0	0	0	0	0	0	0	0	0	0	0	0	0	0	0	0	0	0	0	0	0	0	
19	1.11	0	0	0	0	0	0	0	0	0	0	0	0	0	0	0	0	0	0	0	0	0	0	0	0	0	0	0	0	
20	1.17	0	0	0	0	0	0	0	0	0	0	0	0	0	0	0	0	0	0	0	0	0	0	0	0	0	0	0	0	
21	1.23	0	0	0	0	0	0	0	0	0	0	0	0	0	0	0	0	0	0	0	0	0	0	0	0	0	0	0	0	
22	1.29	0	0	0	0	0	0	0	0	0	0	0	0	0	0	0	0	0	0	0	0	0	0	0	0	0	0	0	0	
23	1.35	0	0	0	0	0	0	0	0	0	0	0	0	0	0	0	0	0	0	0	0	0	0	0	0	0	0	0	0	
24	1.41	0	0	0	0	0	0	0	0	0	0	0	0	0	0	0	0	0	0	0	0	0	0	0	0	0	0	0	0	
25	1.47	0	0	0	0	0	0	0	0	0	0	0	0	0	0	0	0	0	0	0	0	0	0	0	0	0	0	0	0	
26	1.53	0	0	0	0	0	0	0	0	0	0	0	0	0	0	0	0	0	0	0	0	0	0	0	0	0	0	0	0	
27	1.59	0	0	0	0	0	0	0	0	0	0	0	0	0	0	0	0	0	0	0	0	0	0	0	0	0	0	0	0	
28	1.65	0.098928	0.0002735	0	0	0	0	0	0	0	0	0	0	0	0	0	0	0	0	0	0	0	0	0	0	0	0	0	0	
29	1.71	8.27374	0.024841	0	0	0	0	0	0	0	0	0	0	0	0	0	0	0	0	0	0	0	0	0	0	0	0	0	0	
30	1.77	56.4705	0.204493	7.86E-05	5.00E-07	0	0	0	0	0	0	0	0	0	0	0	0	0.00762257	9.70E-05	0	0	0	0	0.0170133	0.0002165	0.000353624	4.50E-06	3.93E-05	5.00E-07	
31	1.83	80.7606	0.479132	0.00102921	7.50E-06	0	0	0	0	0	0	0	0	0.0014703	2.00E-05	0	0	1.02307	0.0140135	0	0	0	0	0.654284	0.0091165	0.00396981	5.85E-05	0.000330818	5.00E-06	
32	1.89	43.1513	0.635655	0.00482454	4.25E-05	0	0	2.30E-05	5.00E-07	0	0	0	0	0.136845	0.0020055	0	0	10.7897	0.170562	0	0	0	0	4.61033	0.0760085	0.0177819	0.0003165	0.00124059	2.30E-05	
33	1.95	12.8436	0.685247	0.0227259	0.000218	0	0	6.47E-05	2.00E-06	0	0	0	0	1.8172	0.030072	0	0	24.9946	0.556603	0	0	0	0	10.9443	0.245043	0.0547105	0.0011615	0.00844938	0.0001535	
34	2.01	2.8484	0.696933	0.0791594	0.0008675	0	0	0.000203129	7.00E-06	0	0	0	0	7.205	0.148306	0	0	21.7343	0.91326	9.14E-05	1.50E-06	0	0	13.1021	0.460048	0.144455	0.003532	0.0363195	0.0007495	
35	2.07	0.552281	0.699336	0.244482	0.002995	0	0	0.000478812	1.95E-05	0	0	0	0	12.9108	0.373007	0.000545846	9.50E-06	10.5892	1.09756	0.00462533	8.20E-05	0	0	10.2889	0.639117	0.293349	0.0086375	0.141345	0.0032095	
36	2.13	0.107881	0.699833	0.666498	0.009136	0	0	0.00166416	6.55E-05	0	0	0	0	13.9084	0.629307	0.00965939	0.0001875	3.72616	1.16622	0.062379	0.0012315	0	0	6.46978	0.75834	0.519138	0.018204	0.456243	0.011617	
37	2.19	0.0264882	0.699962	1.63503	0.0250615	0	0	0.00261802	0.000142	0	0	0	0	10.975	0.843103	0.0866255	0.001875	1.16178	1.18885	0.325943	0.007581	0	0	3.74207	0.831237	0.811944	0.034021	1.15121	0.034043	
38	2.25	0.00544684	0.69999	3.46171	0.060652	0	0	0.00452282	0.0002815	0	0	9.73E-05	5.00E-07	7.24133	0.992002	0.399711	0.010094	0.349984	1.19605	0.982353	0.0277805	0	0	2.22581	0.877005	1.12762	0.0572075	2.38905	0.0831675	
39	2.31	0.00166101	0.699999	6.46875	0.130753	0	0	0.00658251	0.0004955	0	0	0	5.00E-07	4.40921	1.08757	1.33289	0.0389825	0.11221	1.19848	1.9969	0.0710605	0	0	1.48395	0.909167	1.44877	0.0886075	4.09911	0.17201	
40	2.37	8.77E-05	0.699999	10.5983	0.251648	0	0	0.00886881	0.000799	0	0	8.77E-05	1.00E-06	2.62579	1.14747	3.13335	0.110467	0.0394055	1.19938	3.21105	0.144318	0	0	1.14484	0.935286	1.72514	0.127965	5.90332	0.306689	
41	2.43	8.34E-05	0.7	15.2769	0.434846	0	0	0.0125224	0.0012495	0	0	0	1.00E-06	1.56479	1.185	5.48559	0.242032	0.0150936	1.19974	4.51983	0.25272	0	0	1.00908	0.959487	1.94357	0.174579	7.23978	0.480325	
42	2.49	0.000158839	0.700001	18.7615	0.671079	0	0	0.0160428	0.0018555	0	0	0.000158839	2.00E-06	0.983036	1.20976	7.4578	0.429839	0.0072669	1.19993	5.73902	0.397244	0	0	1.00595	0.98482	2.08697	0.227134	7.53663	0.670118	
43	2.55	7.57E-05	0.700001	19.1763	0.92431	0	0	0.0197141	0.0026365	0	0	0.000151453	3.00E-06	0.629722	1.22639	8.08002	0.64324	0.00348341	1.20002	6.55429	0.570349	1.89E-05	5.00E-07	1.06102	1.01284	2.16405	0.284289	6.68728	0.846735	
44	2.61	0.00101199	0.700008	15.6778	1.1412	0	0	0.0225649	0.003573	3.61E-05	5.00E-07	0.000216855	4.50E-06	0.431071	1.23831	7.1452	0.840936	0.00224083	1.20008	6.58067	0.752425	3.61E-05	1.50E-06	1.16559	1.04509	2.15973	0.344045	5.03061	0.985923	
45	2.67	0.0015196	0.700019	9.96899	1.28552	0	0	0.0274334	0.0047645	0.000138146	2.50E-06	0.000621655	9.00E-06	0.312192	1.24735	5.26055	0.993254	0.00169228	1.20013	5.68477	0.917027	0.000138146	5.50E-06	1.31544	1.08318	2.10915	0.405115	3.28477	1.08103	
46	2.73	0.00515347	0.700058	4.83398	1.35869	0	0	0.0327487	0.0062515	0.000528561	1.05E-05	0.000660701	1.40E-05	0.247515	1.25485	3.2765	1.09244	0.00155265	1.20018	4.21897	1.04474	0.000759806	2.85E-05	1.49163	1.12833	2.01697	0.466171	1.91331	1.13895	
47	2.79	0.0132211	0.700163	1.83413	1.38768	0	0	0.0368695	0.008	0.00145496	3.35E-05	0.00202429	3.00E-05	0.205924	1.26136	1.76421	1.14821	0.0016131	1.20023	2.75637	1.13188	0.00294154	0.0001215	1.67647	1.18134	1.88167	0.525662	1.00659	1.17078	
48	2.85	0.0312818	0.700421	0.547401	1.39671	0	0	0.0441946	0.010187	0.0059108	0.000131	0.0033343	5.75E-05	0.184614	1.26745	0.851383	1.1763	0.00197027	1.20029	1.68023	1.18732	0.00771435	0.000376	1.89155	1.24374	1.73617	0.582939	0.485747	1.1868	
49	2.91	0.0625689	0.700959	0.144763	1.3992	0	0	0.0499892	0.012766	0.0180264	0.000441	0.00721054	0.0001195	0.175016	1.27347	0.384063	1.18951	0.00302378	1.2004	1.1669	1.22745	0.0231581	0.0011725	2.09298	1.31573	1.57827	0.637222	0.228702	1.19467	
50	2.97	0.118626	0.702021	0.037067	1.39987	0	0	0.0603828	0.016011	0.0464455	0.001273	0.0120021	0.000227	0.179083	1.27988	0.172538	1.19569	0.00466129	1.20056	1.23298	1.27162	0.0598711	0.0033175	2.27795	1.39734	1.43343	0.688577	0.110769	1.19864	
51	3.03	0.201131	0.703896	0.0112365	1.40008	0.00010727	2.00E-06	0.068617	0.019849	0.108209	0.0032905	0.0205958	0.000419	0.189305	1.28694	0.0855612	1.19888	0.00842069	1.20088	1.92362	1.34335	0.138258	0.008473	2.38898	1.48642	1.2965	0.736923	0.0668426	1.20113	
52	3.09	0.319336	0.706992	0.0082	1.40023	0.000283648	7.50E-06	0.080599	0.0245375	0.228001	0.0077115	0.0384214	0.0007915	0.207398	1.29498	0.0571422	1.2011	0.0164645	1.20152	3.21538	1.46805	0.28954	0.0197015	2.46596	1.58205	1.18423	0.782848	0.0564202	1.20332	
53	3.15	0.425994	0.711284	0.0124811	1.40049	0.000496265	1.75E-05	0.0928346	0.0301495	0.460037	0.0169815	0.0573682	0.0013695	0.233716	1.3044	0.0565742	1.20338	0.028498	1.20266	4.25717	1.63962	0.551065	0.04191	2.42206	1.67966	1.1079	0.827498	0.0629512	1.20585	
54	3.21	0.497528	0.716489	0.0207164	1.40092	0.00148145	4.85E-05	0.111571	0.0371535	0.895368	0.0357175	0.0906073	0.0023175	0.26089	1.31532	0.0773937	1.20662	0.0512056	1.20481	4.05047	1.80913	0.943778	0.081408	2.32075	1.77679	1.07283	0.872396	0.0813005	1.20926	
55	3.27	0.512687	0.722056	0.0379691	1.40174	0.00260189	0.000105	0.131146	0.045697	1.75192	0.0737605	0.13318	0.0037635	0.295636	1.32816	0.118455	1.21176	0.0818903	1.20836	2.88413	1.93439	1.49665	0.146408	2.11896	1.86882	1.0965	0.920017	0.102602	1.21371	
56	3.33	0.470976	0.727359	0.062036	1.40314	0.00444066	0.000205	0.156518	0.056271	3.34801	0.149155	0.193746	0.005945	0.33991	1.34347	0.175473	1.21967	0.124827	1.21398	1.69662	2.0108	2.13841	0.242718	1.86568	1.95284	1.22736	0.975296	0.137583	1.21991	
57	3.39	0.428015	0.732353	0.100287	1.40548	0.00764848	0.0003835	0.185856	0.0692835	5.91225	0.287135	0.282501	0.0092415	0.390169	1.36168	0.256213	1.23162	0.181164	1.22244	0.901781	2.0529	2.76634	0.37184	1.59503	2.02729	1.49741	1.04519	0.174105	1.22803	
58	3.45	0.432495	0.73758	0.146558	1.40902	0.0159279	0.0007685	0.22166	0.085357	8.42351	0.490743	0.380739	0.013843	0.449385	1.38341	0.358471	1.24895	0.259377	1.23498	0.48755	2.07647	3.21497	0.52726	1.32855	2.09152	1.8372	1.134	0.217778	1.23856	
59	3.51	0.497653	0.743806	0.211935	1.41433	0.0273787	0.0014535	0.264741	0.105228	8.9598	0.714912	0.508085	0.020199	0.526351	1.40974	0.468156	1.27238	0.369323	1.25346	0.290474	2.091	3.35622	0.695201	1.11826	2.14748	2.08822	1.2385	0.259548	1.25155	
60	3.57	0.614093	0.751753	0.275055	1.42145	0.046171	0.0026485	0.315456	0.129722	7.36498	0.905533	0.65188	0.028635	0.608616	1.44125	0.595518	1.30321	0.523538	1.28056	0.213536	2.10205	3.16752	0.859166	0.967407	2.19755	2.12869	1.34869	0.30186	1.26718	
61	3.63	0.748785	0.761772	0.347243	1.43074	0.0796544	0.00478	0.377077	0.159993	5.03441	1.04025	0.821134	0.0396215	0.718805	1.47972	0.709929	1.3412	0.728147	1.31953	0.193288	2.1124	2.6924	1.00326	0.886419	2.24499	1.92064	1.45148	0.338938	1.28532	
62	3.69	0.861986	0.773689	0.423634	1.44245	0.137914	0.0085935	0.439498	0.196451	3.10644	1.12615	0.992722	0.0533465	0.837946	1.52606	0.835659	1.38742	0.991872	1.37438	0.209376	2.12398	2.11864	1.12042	0.859907	2.29255	1.58368	1.53906	0.374224	1.30601	
63	3.75	0.907634	0.786649	0.49132	1.45648	0.222794	0.014956	0.5117	0.24029	1.84909	1.17895	1.15496	0.069838	0.975532	1.58178	0.93865	1.44103	1.29362	1.44827	0.242727	2.13784	1.62242	1.21309	0.873659	2.34245	1.25923	1.61098	0.396766	1.32867	
64	3.81	0.847589	0.799142	0.5517	1.47275	0.345484	0.0251405	0.594063	0.292827	1.12581	1.21214	1.35958	0.0898775	1.13465	1.64867	1.04529	1.50265	1.63206	1.54449	0.281065	2.15441	1.29002	1.28915	0.898855	2.39544	1.03825	1.67219	0.417722	1.3533	
65	3.87	0.725407	0.810173	0.603475	1.4911	0.507502	0.040576	0.679667	0.354843	0.719275	1.23402	1.59804	0.114179	1.30952	1.72833	1.14032	1.57202	1.9507	1.66315	0.320109	2.17388	1.14736	1.35894	0.919515	2.45137	0.916375	1.72793	0.434856	1.37975	
66	3.93	0.551474	0.818822	0.643296	1.51128	0.732997	0.0635665	0.766857	0.427	0.501832	1.24976	1.9106	0.144143	1.49085	1.82185	1.21739	1.64839	2.22428	1.80268	0.35377	2.19608	1.15083	1.43113	0.931825	2.50983	0.852127	1.78139	0.454838	1.40828	
67	3.99	0.370893	0.824817	0.655211	1.53246	0.984672	0.095401	0.856422	0.510065	0.395221	1.26253	2.30018	0.181325	1.67208	1.92997	1.29636	1.73221	2.40137	1.95795	0.388617	2.2212	1.25598	1.51234	0.909231	2.56862	0.821156	1.83448	0.477945	1.43919	
68	4.05	0.232155	0.828684	0.665978	1.55464	1.27185	0.137766	0.944515	0.604449	0.351985	1.27426	2.70126	0.226314	1.85123	2.0533	1.35088	1.8222	2.47394	2.12277	0.416223	2.24893	1.38566	1.60466	0.88716	2.62772	0.807543	1.88828	0.515991	1.47356	
69	4.11	0.149983	0.831256	0.672124	1.5777	1.57102	0.191658	1.03589	0.711054	0.348881	1.28623	3.09854	0.27946	2.01838	2.19177	1.40053	1.91829	2.39879	2.28734	0.445314	2.27948	1.52248	1.70911	0.838162	2.68523	0.799602	1.94314	0.563981	1.51226	
70	4.17	0.120438	0.833383	0.69387	1.6022	1.87373	0.257825	1.12154	0.829869	0.366595	1.29917	3.54096	0.341981	2.15955	2.34429	1.43385	2.01956	2.12592	2.43749	0.482134	2.31354	1.6132	1.82304	0.779491	2.74028	0.786981	1.99872	0.625701	1.55645	
71	4.23	0.127118	0.835693	0.727469	1.62864	2.16724	0.336574	1.20238	0.960939	0.415769	1.31428	3.99105	0.41449	2.28535	2.51038	1.44389	2.12449	1.67386	2.55913	0.529973	2.35205	1.61169	1.94017	0.703058	2.79137	0.780742	2.05546	0.692676	1.60679	
72	4.29	0.156337	0.838614	0.763411	1.65717	2.46379	0.428656	1.28313	1.10481	0.477065	1.33211	4.49206	0.498435	2.3708	2.68759	1.4352	2.23177	1.18514	2.64772	0.576752	2.39516	1.47462	2.05039	0.636338	2.83894	0.781812	2.1139	0.752032	1.663	
73	4.35	0.197829	0.842415	0.797562	1.68782	2.72663	0.533433	1.3541	1.26091	0.564185	1.35379	5.00079	0.594518	2.4018	2.87218	1.39426	2.33892	0.786528	2.70817	0.639483	2.44431	1.22914	2.14486	0.581542	2.88363	0.779157	2.17378	0.805206	1.72488	
74	4.41	0.248187	0.847316	0.833699	1.72074	2.96624	0.650583	1.41627	1.42871	0.653826	1.37961	5.40597	0.70127	2.34259	3.05722	1.32654	2.44371	0.518617	2.74913	0.700313	2.49963	0.954653	2.22027	0.535258	2.92591	0.782426	2.23559	0.847397	1.79182	
75	4.47	0.303526	0.853474	0.83758	1.75473	3.10381	0.776525	1.46919	1.60756	0.760638	1.41048	5.56212	0.814116	2.15198	3.23186	1.24364	2.54463	0.35483	2.77793	0.752616	2.5607	0.749752	2.28111	0.507838	2.96712	0.785376	2.29932	0.875292	1.86285	
76	4.53	0.347467	0.860714	0.809348	1.78846	3.10141	0.905769	1.51136	1.79651	0.852434	1.446	5.33796	0.92534	1.83231	3.38457	1.13547	2.63927	0.261164	2.79969	0.783102	2.62597	0.637361	2.33423	0.490353	3.00799	0.793787	2.36548	0.905094	1.93829	
77	4.59	0.383225	0.868912	0.754939	1.82076	2.89132	1.02947	1.52597	1.99237	0.931032	1.48583	4.59798	1.0237	1.46081	3.50957	1.02598	2.72706	0.206332	2.81735	0.797536	2.69421	0.588534	2.38459	0.480662	3.04912	0.801796	2.43409	0.949549	2.01954	
78	4.65	0.414164	0.878005	0.674799	1.85039	2.51355	1.13984	1.52549	2.19332	1.00276	1.52987	3.51669	1.10091	1.14966	3.61053	0.91927	2.80779	0.183107	2.83343	0.789426	2.76354	0.577305	2.43529	0.488117	3.09199	0.820056	2.50611	1.00338	2.10765	
79	4.71	0.431071	0.887715	0.589693	1.87695	2.02911	1.23125	1.49729	2.39568	1.06404	1.5778	2.43342	1.15572	0.923396	3.69373	0.803148	2.88015	0.173339	2.84905	0.770723	2.83298	0.582884	2.48781	0.498496	3.1369	0.835606	2.5814	1.08996	2.20586	
80	4.77	0.448452	0.898075	0.521755	1.90106	1.56129	1.3034	1.4546	2.59732	1.11914	1.62951	1.59818	1.19265	0.773726	3.76523	0.708377	2.94562	0.176753	2.86538	0.744406	2.90178	0.599083	2.54317	0.512189	3.18423	0.848252	2.65978	1.19493	2.31629	
81	4.83	0.461991	0.909019	0.468641	1.92326	1.1925	1.35989	1.40116	2.79646	1.15282	1.68413	1.05338	1.2176	0.689267	3.83054	0.634391	3.00573	0.191656	2.88354	0.717045	2.96972	0.606291	2.60062	0.531843	3.23463	0.862047	2.74146	1.31946	2.44131	
82	4.89	0.482293	0.920729	0.437194	1.94449	0.947639	1.40591	1.33212	2.99052	1.19665	1.74224	0.740615	1.23558	0.639373	3.89264	0.574917	3.06156	0.21366	2.90429	0.692159	3.03694	0.615372	2.66038	0.551481	3.28819	0.882718	2.82719	1.43548	2.58072	
83	4.95	0.495191	0.933049	0.423987	1.96559	0.797611	1.4456	1.25994	3.1786	1.22572	1.80323	0.566334	1.24967	0.617632	3.9541	0.542409	3.11554	0.24651	2.92882	0.663724	3.10299	0.622204	2.7223	0.573931	3.3453	0.897714	2.91653	1.53677	2.73365	
84	5.01	0.504589	0.945909	0.427586	1.98739	0.717509	1.48217	1.20572	3.36297	1.25307	1.8671	0.487227	1.26209	0.611863	4.01648	0.519833	3.16853	0.28493	2.95787	0.643327	3.16857	0.626778	2.7862	0.599896	3.40646	0.913999	3.00971	1.55701	2.89238	
85	5.07	0.506261	0.959122	0.431645	2.00992	0.683741	1.51786	1.15811	3.54433	1.28684	1.93427	0.453522	1.27392	0.616629	4.08086	0.507889	3.22156	0.323599	2.99165	0.621806	3.23349	0.63648	2.85265	0.617304	3.47091	0.924821	3.10626	1.43072	3.04175	
86	5.13	0.513911	0.972855	0.436847	2.03326	0.677973	1.55409	1.13829	3.72684	1.29753	2.00361	0.443312	1.28577	0.626811	4.14785	0.509331	3.276	0.370478	3.03125	0.599001	3.29752	0.654153	2.92257	0.631629	3.53842	0.937908	3.20651	1.17083	3.1669	
87	5.19	0.495059	0.986395	0.450608	2.05791	0.691382	1.59191	1.14653	3.91498	1.31403	2.07549	0.454547	1.2982	0.643407	4.21824	0.514885	3.33233	0.415562	3.07672	0.57642	3.36058	0.670921	2.99597	0.644001	3.60887	0.943358	3.30971	0.889977	3.26426	
88	5.25	0.495885	1.00027	0.459162	2.08361	0.723371	1.6324	1.18159	4.11339	1.3176	2.14924	0.472177	1.31142	0.668639	4.29309	0.52347	3.39093	0.45905	3.1281	0.543078	3.42137	0.698417	3.07415	0.653636	3.68204	0.948428	3.41588	0.668014	3.33904	
89	5.31	0.493474	1.0144	0.472395	2.11066	0.765116	1.67621	1.23681	4.32585	1.32746	2.22525	0.513524	1.32612	0.688072	4.37189	0.539401	3.4527	0.503639	3.18578	0.515925	3.48046	0.731431	3.15791	0.657893	3.75738	0.949793	3.52465	0.530896	3.39984	
90	5.37	0.502112	1.0291	0.477061	2.1386	0.812483	1.72379	1.30858	4.55575	1.35391	2.30454	0.555766	1.34239	0.717449	4.45592	0.561858	3.5185	0.546144	3.24975	0.491931	3.53807	0.769549	3.24805	0.667351	3.83555	0.94319	3.63512	0.456553	3.45331	
91	5.43	0.508998	1.04434	0.490518	2.16797	0.862241	1.77542	1.39475	4.80628	1.3737	2.38679	0.61692	1.36086	0.750975	4.54585	0.587108	3.58881	0.584378	3.31973	0.471232	3.5945	0.80294	3.3442	0.666075	3.91531	0.936657	3.74729	0.423517	3.50403	
92	5.49	0.534301	1.06069	0.497835	2.19844	0.922173	1.83186	1.48125	5.07827	1.39241	2.47202	0.662032	1.38112	0.788014	4.64232	0.617956	3.66446	0.617384	3.3953	0.459637	3.65077	0.840859	3.44713	0.671736	3.99754	0.91719	3.85957	0.41282	3.55456	
93	5.55	0.563577	1.07832	0.515913	2.23071	0.989046	1.89373	1.57406	5.37366	1.40049	2.55962	0.710447	1.40334	0.823053	4.74528	0.650113	3.74579	0.645509	3.47606	0.461035	3.70845	0.870373	3.55602	0.677502	4.0823	0.901471	3.97234	0.418431	3.60691	
94	5.61	0.592017	1.09724	0.527687	2.26444	1.05609	1.96123	1.67068	5.69398	1.3954	2.6488	0.729065	1.42664	0.858212	4.85498	0.689213	3.83389	0.67487	3.56232	0.473397	3.76896	0.892403	3.67009	0.679861	4.1692	0.881896	4.08507	0.434629	3.66247	
95	5.67	0.613604	1.11727	0.546469	2.30011	1.12873	2.03492	1.7558	6.03787	1.38637	2.73931	0.737351	1.45071	0.9017	4.97272	0.721881	3.92815	0.690079	3.65243	0.49451	3.83353	0.9236	3.79069	0.682899	4.25837	0.860306	4.1974	0.459617	3.72248	
96	5.73	0.636232	1.13848	0.572183	2.33826	1.19159	2.11437	1.80191	6.3983	1.37354	2.83089	0.729759	1.47504	0.938333	5.09785	0.754409	4.02875	0.711274	3.74728	0.523904	3.90339	0.940126	3.91605	0.68826	4.35015	0.838326	4.3092	0.489547	3.78776	
97	5.79	0.643252	1.16037	0.594272	2.37872	1.25455	2.19977	1.79073	6.76404	1.35981	2.92347	0.726773	1.49978	0.981279	5.23146	0.781437	4.13515	0.722726	3.84568	0.563308	3.98009	0.949922	4.04539	0.687223	4.44372	0.82015	4.42087	0.523572	3.85905	
98	5.85	0.643737	1.18274	0.629219	2.42245	1.31013	2.29082	1.70587	7.1197	1.33641	3.01635	0.726892	1.52504	1.02268	5.3736	0.808992	4.24759	0.730338	3.9472	0.606142	4.06434	0.959465	4.17875	0.68944	4.53955	0.812348	4.53378	0.559137	3.93677	
99	5.91	0.640799	1.20547	0.658641	2.46917	1.36966	2.38798	1.59599	7.45931	1.31092	3.10933	0.72405	1.55071	1.0603	5.52402	0.829784	4.36531	0.737792	4.05186	0.649068	4.15642	0.958915	4.31479	0.688547	4.63723	0.805063	4.64798	0.597457	4.02152	
100	5.97	0.62569	1.22811	0.686517	2.51886	1.421	2.49082	1.48335	7.78139	1.25942	3.20048	0.74295	1.5776	1.09081	5.68192	0.847029	4.48792	0.739219	4.15887	0.696976	4.25731	0.950203	4.45233	0.688907	4.73695	0.802347	4.76413	0.63694	4.11372	
101	6.03	0.611797	1.2507	0.714357	2.5716	1.47546	2.59977	1.40045	8.09162	1.17471	3.28722	0.762339	1.60575	1.12525	5.8481	0.864043	4.61552	0.749914	4.26961	0.733348	4.36561	0.945956	4.59203	0.693833	4.83941	0.799714	4.88223	0.673949	4.21325	
102	6.09	0.609507	1.27365	0.738184	2.6272	1.52668	2.71476	1.34517	8.39556	1.08114	3.36865	0.790198	1.6355	1.15785	6.02251	0.877012	4.74763	0.75341	4.3831	0.768616	4.48139	0.938499	4.7334	0.696922	4.94439	0.808989	5.00409	0.707786	4.31987	
103	6.15	0.605471	1.29691	0.749786	2.68479	1.57628	2.83583	1.31602	8.6988	0.969483	3.44312	0.818405	1.66693	1.18517	6.20457	0.888212	4.88407	0.758717	4.49965	0.79011	4.60276	0.928394	4.87602	0.701324	5.05213	0.814099	5.12915	0.743465	4.43408	
104	6.21	0.624244	1.32135	0.766071	2.74479	1.61591	2.96238	1.29998	9.00422	0.877813	3.51186	0.839672	1.69981	1.21889	6.39548	0.896961	5.02456	0.768653	4.62004	0.806507	4.72908	0.919817	5.02009	0.710053	5.16334	0.821693	5.25785	0.77483	4.55544	
105	6.27	0.652925	1.34741	0.771627	2.80639	1.64608	3.09379	1.29557	9.31452	0.811347	3.57663	0.867619	1.73445	1.25054	6.59515	0.903036	5.16875	0.77685	4.74408	0.818981	4.85985	0.906929	5.16489	0.722933	5.27877	0.828817	5.39018	0.805544	4.68406	
106	6.33	0.693648	1.37563	0.77616	2.86954	1.66114	3.22896	1.29642	9.63099	0.756688	3.63821	0.890294	1.77067	1.27566	6.80275	0.903404	5.31577	0.787676	4.87227	0.825562	4.9942	0.899526	5.31128	0.738969	5.39903	0.838951	5.52672	0.837771	4.8204	
107	6.39	0.752295	1.40682	0.779044	2.93414	1.65807	3.36644	1.30211	9.9549	0.728332	3.6986	0.916683	1.80867	1.30139	7.01858	0.906914	5.46617	0.800206	5.00498	0.828245	5.13155	0.891918	5.4592	0.756914	5.52456	0.846739	5.66714	0.864192	4.96371	
108	6.45	0.810093	1.44104	0.776566	2.99975	1.65275	3.50607	1.31122	10.2872	0.715803	3.75907	0.933619	1.84811	1.31558	7.24087	0.908881	5.61974	0.81742	5.14309	0.834749	5.2726	0.886809	5.60904	0.776605	5.65578	0.857294	5.81199	0.892017	5.11443	
109	6.51	0.863656	1.47821	0.774535	3.06641	1.63017	3.64637	1.32579	10.6295	0.70292	3.81957	0.95323	1.88913	1.32224	7.46846	0.907824	5.776	0.834146	5.28667	0.841597	5.41746	0.884539	5.76129	0.797687	5.79308	0.861062	5.9602	0.91244	5.27149	
110	6.57	0.885692	1.51703	0.768696	3.13379	1.60194	3.78679	1.33913	10.9817	0.70339	3.88123	0.985912	1.93234	1.31677	7.69931	0.90709	5.93503	0.853247	5.43626	0.8476	5.56606	0.882634	5.91603	0.819488	5.93675	0.87146	6.11298	0.933495	5.43514	
111	6.63	0.90258	1.55731	0.762122	3.20182	1.5599	3.92604	1.35024	11.3433	0.704675	3.94413	1.00289	1.9771	1.29296	7.93014	0.90759	6.09706	0.874601	5.5924	0.853972	5.71852	0.883051	6.07368	0.834695	6.08577	0.879455	6.26999	0.946631	5.60415	
112	6.69	0.906784	1.59852	0.755841	3.27052	1.51704	4.06392	1.36725	11.7161	0.708431	4.00852	1.01542	2.02325	1.23992	8.15553	0.90575	6.2617	0.906031	5.7571	0.86399	5.87557	0.888394	6.23517	0.844073	6.2392	0.889444	6.43167	0.96298	5.77919	
113	6.75	0.907217	1.64049	0.760145	3.34085	1.46866	4.19981	1.38371	12.1002	0.718691	4.07501	1.00938	2.06994	1.17471	8.37291	0.904872	6.42915	0.927304	5.92869	0.873537	6.03722	0.892094	6.40025	0.841879	6.39499	0.894129	6.59713	0.970248	5.95874	
114	6.81	0.909214	1.6833	0.768008	3.41318	1.41881	4.33343	1.39079	12.4931	0.735071	4.14424	0.998142	2.11695	1.09785	8.5797	0.903852	6.5994	0.952399	6.10808	0.886404	6.20418	0.904327	6.57059	0.835599	6.55238	0.904513	6.7675	0.974078	6.14221	
115	6.87	0.914812	1.72714	0.782014	3.48813	1.37055	4.46479	1.39844	12.8952	0.755602	4.21666	0.980533	2.16394	1.02327	8.77585	0.899832	6.77188	0.971098	6.29423	0.895414	6.37582	0.914567	6.7459	0.825172	6.71056	0.909147	6.94178	0.978449	6.32977	
116	6.93	0.923966	1.7722	0.801389	3.56629	1.33757	4.59524	1.40558	13.3065	0.787229	4.29344	0.952728	2.21039	0.959823	8.96306	0.900142	6.94746	0.98172	6.48572	0.914484	6.55419	0.925981	6.92652	0.814601	6.86945	0.91703	7.12065	0.977221	6.52038	
117	6.99	0.937712	1.81872	0.819528	3.64761	1.30984	4.7252	1.40591	13.7249	0.809389	4.37375	0.929448	2.2565	0.906691	9.14299	0.895718	7.12521	0.99112	6.6824	0.931685	6.73908	0.943139	7.11368	0.805754	7.02935	0.922053	7.30362	0.974964	6.71386	
118	7.05	0.933659	1.86584	0.842985	3.73269	1.27656	4.85405	1.40369	14.15	0.845942	4.45913	0.912209	2.30254	0.864489	9.3175	0.896637	7.30621	0.993354	6.88293	0.951703	6.9312	0.960196	7.30751	0.804041	7.19165	0.92523	7.4904	0.975818	6.91084	
119	7.11	0.932949	1.91373	0.868454	3.82184	1.25249	4.98263	1.40067	14.5814	0.87744	4.54921	0.898515	2.34866	0.844198	9.49083	0.896486	7.49027	0.99105	7.08641	0.970084	7.13037	0.97655	7.50801	0.80444	7.35682	0.931749	7.6817	0.967018	7.10939	
120	7.17	0.922994	1.9619	0.886461	3.91439	1.22067	5.11006	1.39112	15.017	0.921126	4.64537	0.897572	2.39551	0.830373	9.66421	0.899354	7.67806	0.990268	7.29317	0.995012	7.33813	0.994502	7.71566	0.812796	7.52653	0.929831	7.87584	0.960909	7.31002	
121	7.23	0.905365	2.00996	0.901587	4.0101	1.20677	5.23817	1.37453	15.4548	0.959329	4.74721	0.900654	2.44332	0.826403	9.83966	0.900417	7.86922	0.98479	7.50225	1.02113	7.55492	1.00978	7.93004	0.821829	7.70101	0.930901	8.07348	0.958359	7.51349	
122	7.29	0.885482	2.05774	0.907628	4.10805	1.18763	5.36634	1.3535	15.893	1.00012	4.85514	0.919303	2.49292	0.835087	10.0199	0.907097	8.06501	0.984955	7.71484	1.04059	7.77953	1.02692	8.1517	0.833679	7.88095	0.929917	8.2742	0.956397	7.71992	
123	7.35	0.871139	2.10552	0.916337	4.20858	1.17881	5.49566	1.32976	16.3306	1.04023	4.96926	0.935685	2.54425	0.843287	10.2049	0.912817	8.26529	0.980671	7.93002	1.05644	8.01132	1.04519	8.38102	0.843436	8.06601	0.928301	8.47788	0.956695	7.92983	
124	7.41	0.851914	2.15302	0.919517	4.31111	1.17847	5.62706	1.30458	16.767	1.07313	5.08892	0.963399	2.59796	0.856524	10.3959	0.922311	8.47098	0.98123	8.14884	1.0731	8.25063	1.05964	8.61733	0.865044	8.25892	0.92823	8.68488	0.958742	8.14364	
125	7.47	0.846005	2.20095	0.92335	4.41574	1.17618	5.76035	1.27683	17.2011	1.09759	5.21329	0.989364	2.65402	0.870728	10.5933	0.93026	8.68181	0.984788	8.37202	1.07647	8.4946	1.07373	8.86068	0.882633	8.45896	0.929208	8.89547	0.959069	8.36099	
126	7.53	0.845535	2.24963	0.927636	4.52255	1.18336	5.8966	1.24743	17.632	1.12271	5.34257	1.00108	2.71165	0.881261	10.7962	0.944838	8.89939	0.989247	8.59984	1.07514	8.74219	1.08408	9.11033	0.899458	8.66609	0.924192	9.1083	0.96688	8.58366	
127	7.59	0.842178	2.2989	0.93079	4.63144	1.17543	6.03411	1.21539	18.0586	1.1405	5.47599	1.02157	2.77141	0.891773	11.0049	0.954812	9.12279	0.987739	8.83094	1.06842	8.99217	1.09125	9.36565	0.914145	8.87998	0.923172	9.3243	0.977133	8.81228	
128	7.65	0.847531	2.34926	0.937346	4.74284	1.17748	6.17405	1.18328	18.4804	1.15603	5.61338	1.03271	2.83277	0.901078	11.2191	0.96902	9.35312	0.992487	9.06685	1.05809	9.24367	1.09313	9.62548	0.927753	9.1005	0.920237	9.54303	0.986921	9.04686	
129	7.71	0.84748	2.40041	0.943043	4.85668	1.15831	6.31388	1.15642	18.8992	1.16351	5.75383	1.03716	2.89537	0.909508	11.4386	0.979449	9.58959	0.99582	9.30727	1.04164	9.49515	1.09067	9.8888	0.939698	9.32737	0.91797	9.76466	0.99651	9.28745	
130	7.77	0.852508	2.45267	0.946324	4.9727	1.13766	6.45336	1.12539	19.3132	1.1681	5.89704	1.04876	2.95966	0.920684	11.6644	0.990286	9.83241	0.993748	9.55094	1.02637	9.74682	1.08446	10.1547	0.946447	9.55944	0.914836	9.98898	1.00386	9.5336	
131	7.83	0.861107	2.50627	0.947519	5.09067	1.11499	6.59218	1.10269	19.725	1.17717	6.04361	1.04711	3.02485	0.932479	11.8966	0.995018	10.0802	0.997364	9.79929	1.01236	9.9989	1.07618	10.4227	0.951358	9.79633	0.912875	10.2163	1.0151	9.78637	
132	7.89	0.872519	2.56142	0.950237	5.21079	1.09095	6.73009	1.08118	20.1351	1.17017	6.19153	1.04381	3.09082	0.946692	12.1359	0.995191	10.3318	0.997586	10.0515	0.999912	10.2517	1.06744	10.6926	0.957078	10.0383	0.914044	10.4474	1.02088	10.0445	
133	7.95	0.88659	2.61832	0.94259	5.33177	1.07149	6.86761	1.06354	20.5446	1.16885	6.34155	1.04229	3.15771	0.961806	12.3828	0.992578	10.5866	0.995694	10.3071	0.992108	10.5064	1.05676	10.9638	0.958187	10.2843	0.916507	10.6827	1.03119	10.3092	
134	8.01	0.894142	2.67657	0.940672	5.45434	1.05031	7.00446	1.04616	20.9535	1.15398	6.49191	1.04238	3.22562	0.977625	12.6376	0.987443	10.8439	0.993779	10.5661	0.982272	10.7624	1.04671	11.2366	0.960757	10.5346	0.915972	10.9213	1.04021	10.5802	
135	8.07	0.915776	2.73713	0.937572	5.57833	1.03114	7.14083	1.03457	21.364	1.13588	6.64213	1.04218	3.29453	0.992796	12.9002	0.97897	11.1028	0.989641	10.8278	0.978201	11.0211	1.03925	11.5115	0.962713	10.7893	0.921642	11.1651	1.04789	10.8574	
136	8.13	0.938517	2.80011	0.933123	5.70358	1.02024	7.27778	1.02181	21.7754	1.11145	6.79132	1.0397	3.36431	1.01234	13.172	0.967997	11.3627	0.99007	11.0936	0.973724	11.2825	1.02943	11.7878	0.966717	11.0488	0.925254	11.4135	1.05264	11.14	
137	8.19	0.951656	2.86493	0.93074	5.83036	1.01135	7.41554	1.01438	22.1899	1.08843	6.93958	1.04302	3.43535	1.02601	13.4515	0.960348	11.6243	0.990802	11.3635	0.971937	11.5473	1.02245	12.0664	0.971458	11.3134	0.930085	11.6669	1.05511	11.4274	
138	8.25	0.982743	2.93284	0.933429	5.95938	1.00145	7.55395	1.00626	22.6072	1.06413	7.08666	1.03871	3.50713	1.03544	13.7377	0.950793	11.8872	0.993814	11.6383	0.975918	11.817	1.01751	12.3477	0.979847	11.5843	0.93707	11.9259	1.05883	11.7201	
139	8.31	1.00466	3.00329	0.94025	6.09123	0.991044	7.69293	0.997956	23.027	1.04271	7.23288	1.04088	3.58012	1.04333	14.0303	0.946214	12.1525	1.00107	11.919	0.978167	12.0914	1.00918	12.6307	0.988557	11.8616	0.947016	12.1915	1.05335	12.0156	
140	8.37	1.02058	3.07589	0.943867	6.22551	0.988034	7.8335	0.98938	23.4493	1.0316	7.37965	1.04136	3.65419	1.04954	14.329	0.939993	12.42	1.0079	12.2058	0.984889	12.3716	1.0003	12.9153	0.996713	12.1452	0.953139	12.4627	1.05177	12.3148	
141	8.43	1.03112	3.15029	0.950283	6.36265	0.97983	7.9749	0.983013	23.8749	1.0274	7.52791	1.04985	3.72995	1.04975	14.6319	0.938755	12.691	1.01492	12.4988	0.994453	12.6587	0.991336	13.2014	1.00593	12.4355	0.960617	12.74	1.04775	12.6172	
142	8.49	1.05073	3.22719	0.956865	6.50272	0.972841	8.1173	0.974894	24.303	1.03041	7.67874	1.05595	3.80723	1.05252	14.9401	0.934669	12.9646	1.02432	12.7986	0.998108	12.9509	0.989871	13.4912	1.01709	12.7333	0.96763	13.0233	1.04034	12.9218	
143	8.55	1.06286	3.30608	0.960343	6.64528	0.969063	8.26116	0.968397	24.7343	1.03515	7.83241	1.05886	3.88582	1.05797	15.2542	0.93578	13.2424	1.03488	13.1059	1.00121	13.2481	0.983159	13.7831	1.02549	13.0377	0.974686	13.3127	1.03563	13.2293	
144	8.61	1.07223	3.38679	0.959208	6.78968	0.966658	8.40668	0.968191	25.1715	1.04622	7.98991	1.0677	3.96619	1.06113	15.5737	0.933679	13.5235	1.04372	13.4201	1.00508	13.5507	0.977138	14.0773	1.03385	13.349	0.976706	13.6067	1.02878	13.539	
145	8.67	1.07816	3.46908	0.96491	6.93698	0.961756	8.55349	0.963586	25.6128	1.06427	8.15237	1.0792	4.04856	1.06501	15.8988	0.934653	13.8089	1.05224	13.7414	1.00853	13.8586	0.972804	14.3743	1.03736	13.6657	0.980701	13.9061	1.02617	13.8523	
146	8.73	1.09001	3.55343	0.967122	7.08666	0.954771	8.70126	0.964739	26.0607	1.07448	8.31866	1.08034	4.13216	1.06806	16.2294	0.937801	14.0992	1.05429	14.0677	1.01061	14.1715	0.96979	14.6745	1.03859	13.9872	0.980758	14.2097	1.02328	14.1691	
147	8.79	1.09605	3.63942	0.973383	7.23938	0.95404	8.85095	0.964231	26.5146	1.09065	8.48979	1.0839	4.2172	1.07222	16.5659	0.942669	14.395	1.05814	14.3998	1.007	14.4875	0.965684	14.9776	1.03599	14.3123	0.984115	14.5185	1.02289	14.4901	
148	8.85	1.09232	3.72629	0.978868	7.39507	0.955983	9.00301	0.965494	26.9753	1.09589	8.66409	1.08597	4.30356	1.07327	16.9073	0.946708	14.6961	1.05888	14.7366	1.00356	14.8067	0.960829	15.2832	1.03499	14.6415	0.981883	14.8309	1.02504	14.8161	
149	8.91	1.09333	3.81442	0.982793	7.55352	0.955479	9.15705	0.965659	27.4423	1.10163	8.8417	1.08172	4.39075	1.07498	17.2539	0.952627	15.0033	1.05556	15.077	1.00196	15.1298	0.959181	15.5925	1.03513	14.9753	0.981271	15.1473	1.02161	15.1455	
150	8.97	1.09779	3.9041	0.992144	7.71563	0.952715	9.31271	0.968147	27.9169	1.09991	9.02142	1.07865	4.47888	1.07417	17.6049	0.959065	15.3167	1.05067	15.4203	1.00012	15.4566	0.953309	15.904	1.03212	15.3126	0.981229	15.4679	1.02241	15.4796	
151	9.03	1.09386	3.99467	1.00613	7.88223	0.955768	9.47098	0.968778	28.3982	1.0958	9.20287	1.08104	4.56838	1.07411	17.9607	0.96666	15.6368	1.04091	15.765	0.994729	15.786	0.949356	16.2184	1.03345	15.6548	0.977852	15.7918	1.02692	15.8197	
152	9.09	1.08067	4.08534	1.01513	8.05257	0.951107	9.63057	0.97038	28.8866	1.08373	9.38471	1.07461	4.65854	1.07232	18.3205	0.976809	15.9646	1.03319	16.1118	0.994462	16.1198	0.947101	16.5362	1.03352	16.0017	0.977367	16.1198	1.03028	16.1655	
153	9.15	1.07587	4.17679	1.03044	8.22776	0.949738	9.79204	0.970677	29.3817	1.06097	9.5651	1.07271	4.74973	1.06631	18.6831	0.987922	16.3006	1.02213	16.4593	0.993964	16.4577	0.943524	16.8571	1.03646	16.3541	0.975107	16.4513	1.03362	16.517	
154	9.21	1.0617	4.26824	1.03794	8.40655	0.940335	9.95402	0.970226	29.8831	1.04712	9.74547	1.0687	4.84177	1.06641	19.0505	0.997577	16.6443	1.01197	16.808	0.995461	16.8007	0.944681	17.1825	1.03907	16.7121	0.97734	16.788	1.03901	16.8749	
155	9.27	1.05251	4.36007	1.04627	8.58913	0.935924	10.1173	0.969777	30.3908	1.02287	9.92397	1.06569	4.93476	1.06	19.4205	1.00465	16.9949	1.00319	17.1581	0.997846	17.1489	0.946391	17.5128	1.04137	17.0755	0.974897	17.1283	1.03799	17.2372	
156	9.33	1.03356	4.45142	1.05014	8.77477	0.930182	10.2818	0.966984	30.9036	1.00226	10.1011	1.05876	5.02834	1.05724	19.7942	1.01501	17.3537	0.996153	17.5103	1.00188	17.5032	0.94915	17.8484	1.0436	17.4445	0.975292	17.4731	1.04029	17.605	
157	9.39	1.02506	4.54319	1.05414	8.96352	0.92449	10.4473	0.966037	31.4226	0.98548	10.2776	1.05188	5.12251	1.05194	20.1709	1.02267	17.72	0.98955	17.8646	1.00758	17.864	0.952632	18.1896	1.04108	17.8173	0.978443	17.8235	1.03958	17.9773	
158	9.45	1.01202	4.63496	1.05643	9.1551	0.923962	10.6149	0.961127	31.9455	0.971169	10.4537	1.04999	5.21772	1.04847	20.5512	1.02571	18.092	0.983812	18.2215	1.00995	18.2303	0.957975	18.537	1.04267	18.1955	0.980025	18.179	1.03867	18.354	
159	9.51	1.00169	4.72694	1.05563	9.34898	0.925876	10.7849	0.957488	32.473	0.959767	10.63	1.03586	5.31284	1.04551	20.9353	1.03109	18.4707	0.980587	18.5817	1.01266	18.6023	0.960648	18.8899	1.04194	18.5782	0.982357	18.5398	1.03583	18.7345	
160	9.57	0.989833	4.81899	1.05384	9.54498	0.926599	10.9573	0.954226	33.0054	0.957841	10.8081	1.02433	5.4081	1.04613	21.3244	1.03061	18.8541	0.981609	18.9468	1.01388	18.9794	0.962536	19.2479	1.03858	18.9645	0.983845	18.9058	1.03651	19.12	
161	9.63	0.983431	4.91159	1.0484	9.74242	0.930342	11.1325	0.950135	33.5422	0.956467	10.9883	1.01492	5.50366	1.04364	21.7175	1.02977	19.242	0.98544	19.318	1.01702	19.3625	0.969368	19.613	1.03618	19.3548	0.986676	19.2774	1.03415	19.5095	
162	9.69	0.98084	5.00511	1.04339	9.94137	0.93363	11.3105	0.944568	34.0826	0.959595	11.1712	1.01174	5.60012	1.04288	22.1152	1.02632	19.6333	0.990961	19.6959	1.01691	19.7503	0.97088	19.9833	1.03485	19.7495	0.99049	19.6551	1.03551	19.9044	
163	9.75	0.982186	5.09991	1.04205	10.1425	0.937544	11.4915	0.944338	34.6295	0.962473	11.357	1.00286	5.69692	1.04024	22.5168	1.02644	20.0296	0.995913	20.0804	1.01617	20.1426	0.973624	20.3592	1.03162	20.1478	0.995693	20.0395	1.03023	20.3022	
164	9.81	0.979899	5.19566	1.03248	10.3443	0.938158	11.6748	0.941037	35.1812	0.967744	11.5462	0.998515	5.79449	1.0386	22.9228	1.02313	20.4296	1.00371	20.4727	1.01463	20.5392	0.978927	20.7418	1.03181	20.5511	0.996895	20.4292	1.02727	20.7037	
165	9.87	0.977424	5.29234	1.02217	10.5465	0.939447	11.8607	0.939269	35.7386	0.971922	11.7384	0.992018	5.89262	1.03422	23.332	1.01725	20.832	1.01447	20.8741	1.01873	20.9422	0.979283	21.1293	1.0299	20.9586	1.00016	20.8249	1.0274	21.1102	
166	9.93	0.983866	5.39085	1.01413	10.7496	0.93689	12.0483	0.939371	36.3029	0.974687	11.9336	0.984051	5.99114	1.03119	23.7449	1.0166	21.2392	1.02191	21.2833	1.01982	21.3507	0.982373	21.5227	1.03089	21.3714	1.005	21.2274	1.02155	21.5193	
167	9.99	0.990355	5.4912	1.00035	10.9523	0.938968	12.2386	0.940233	36.8746	0.972856	12.1308	0.986289	6.09109	1.02443	24.1602	1.01137	21.6491	1.03076	21.7011	1.02293	21.7653	0.981833	21.9207	1.03036	21.789	1.0066	21.6354	1.01974	21.9326	
168	10.05	0.9903	5.59276	0.991134	11.1556	0.93434	12.4302	0.943034	37.4549	0.97182	12.3301	0.977156	6.1913	1.01589	24.5769	1.01065	22.0637	1.03822	22.127	1.0244	22.1855	0.983231	22.324	1.03275	22.2127	1.01172	22.0504	1.01924	22.3508	
169	10.11	0.996238	5.69616	0.980951	11.3592	0.935438	12.6244	0.944712	38.0431	0.970682	12.5316	0.987315	6.29376	1.01282	24.9974	1.00968	22.4828	1.04209	22.5596	1.02679	22.6118	0.985934	22.7333	1.03571	22.6427	1.01416	22.4714	1.01701	22.773	
170	10.17	1.002	5.80138	0.975581	11.5641	0.937823	12.8214	0.946345	38.6394	0.972572	12.7359	0.979533	6.39663	1.00539	25.4197	1.0086	22.9065	1.04653	22.9993	1.02651	23.043	0.985511	23.1473	1.03777	23.0786	1.01525	22.8979	1.01343	23.1987	
171	10.23	1.00592	5.90827	0.969199	11.7701	0.942778	13.0217	0.945724	39.2424	0.970224	12.9421	0.989213	6.50175	1.00116	25.8452	1.00981	23.3357	1.04832	23.4448	1.02904	23.4804	0.988139	23.5673	1.04722	23.5237	1.02131	23.332	1.01276	23.6291	
172	10.29	1.01569	6.01747	0.970021	11.9787	0.948135	13.2256	0.948124	39.854	0.970353	13.1507	0.984617	6.60761	0.998846	26.2748	1.00926	23.7698	1.05191	23.8972	1.0288	23.9228	0.987916	23.9921	1.05061	23.9755	1.0203	23.7708	1.0143	24.0653	
173	10.35	1.01876	6.12828	0.974319	12.1907	0.954407	13.4332	0.947828	40.4726	0.975025	13.3628	0.989277	6.71521	0.998709	26.7093	1.01067	24.2095	1.05447	24.356	1.0276	24.3699	0.992245	24.4238	1.05409	24.4341	1.02116	24.2151	1.01413	24.5066	
174	10.41	1.02711	6.2413	0.981896	12.4067	0.961218	13.6447	0.946644	41.0975	0.978399	13.5781	0.98898	6.82403	1.00053	27.1497	1.01256	24.6552	1.05779	24.8215	1.0296	24.823	0.994838	24.8617	1.05769	24.8997	1.02723	24.6672	1.01173	24.9519	
175	10.47	1.03408	6.3564	0.990341	12.6272	0.968341	13.8603	0.947885	41.7306	0.988064	13.7981	0.991307	6.93437	1.0037	27.5965	1.01763	25.1082	1.06076	25.2938	1.03271	25.2828	0.992725	25.3037	1.05637	25.37	1.02847	25.1251	1.0126	25.4027	
176	10.53	1.04683	6.47425	1.00544	12.8536	0.971013	14.0789	0.945818	42.3695	0.995768	14.0223	0.99158	7.046	1.01088	28.0518	1.02163	25.5683	1.06555	25.7737	1.03587	25.7493	0.993977	25.7513	1.05781	25.8464	1.0285	25.5883	1.01088	25.8579	
177	10.59	1.0489	6.59369	1.01964	13.0858	0.96825	14.2995	0.941396	43.0127	0.99983	14.25	0.99844	7.1597	1.01788	28.5154	1.02907	26.037	1.06879	26.2605	1.03945	26.2228	0.99459	26.2043	1.05435	26.3266	1.02946	26.0572	1.01092	26.3184	
178	10.65	1.05165	6.71481	1.03537	13.3243	0.970348	14.523	0.939869	43.6621	1.0058	14.4817	0.99277	7.27403	1.02551	28.9878	1.03548	26.514	1.07205	26.7543	1.04438	26.7039	0.993203	26.6619	1.0523	26.8113	1.0308	26.532	1.00717	26.7824	
179	10.71	1.06262	6.83857	1.04788	13.5684	0.96559	14.7479	0.936004	44.3162	1.00707	14.7162	0.999451	7.39043	1.032	29.4686	1.04271	26.9998	1.06944	27.2526	1.05127	27.1936	0.993479	27.1247	1.04859	27.2999	1.03237	27.013	1.00609	27.2511	
180	10.77	1.06265	6.96372	1.05836	13.8177	0.958794	14.9737	0.93357	44.9759	1.00968	14.9541	0.990113	7.50704	1.03829	29.9577	1.04834	27.4937	1.06701	27.7552	1.05758	27.6919	0.996699	27.5942	1.0441	27.7917	1.03724	27.5016	1.00589	27.7249	
181	10.83	1.06977	7.09112	1.06866	14.0722	0.953507	15.2008	0.930878	45.6411	1.01207	15.1951	0.988077	7.62472	1.04223	30.4542	1.05367	27.9956	1.06045	28.2604	1.06	28.1968	0.996035	28.0687	1.04065	28.2875	1.03759	27.9959	1.00685	28.2046	
182	10.89	1.07446	7.2205	1.0789	14.332	0.947646	15.429	0.927646	46.3113	1.00585	15.4374	0.979217	7.74263	1.04123	30.9557	1.06065	28.5065	1.05415	28.7681	1.06425	28.7094	0.998632	28.5497	1.03865	28.7877	1.03821	28.496	1.00412	28.6882	
183	10.95	1.07821	7.35177	1.08784	14.5969	0.944764	15.6591	0.929403	46.9902	1.00465	15.682	0.969928	7.86071	1.04035	31.4624	1.06441	29.0248	1.04631	29.2777	1.06372	29.2274	0.999437	29.0364	1.0363	29.2924	1.03932	29.0021	1.00344	29.1769	
184	11.01	1.08544	7.48537	1.09388	14.8662	0.941897	15.891	0.930719	47.6775	1.00278	15.9288	0.963614	7.97932	1.03242	31.9707	1.06626	29.5498	1.03795	29.7887	1.05869	29.7487	1.00482	29.5311	1.03653	29.8027	1.04064	29.5144	1.00393	29.6711	
185	11.07	1.09009	7.62101	1.10117	15.1402	0.944238	16.1259	0.930122	48.3719	1.0006	16.1778	0.951891	8.09776	1.02911	32.4829	1.07067	30.0827	1.03132	30.302	1.05458	30.2735	1.00363	30.0306	1.03537	30.318	1.04307	30.0336	1.00107	30.1694	
186	11.13	1.09425	7.75864	1.1038	15.4179	0.947483	16.3643	0.929755	49.0736	1.00279	16.4301	0.944529	8.21656	1.02192	32.997	1.07151	30.6218	1.02389	30.8171	1.0518	30.8027	1.00857	30.5381	1.03816	30.8403	1.04268	30.5582	1.00446	30.6747	
187	11.19	1.10011	7.89851	1.1101	15.7002	0.955241	16.6072	0.932688	49.7851	1.00319	16.6852	0.936358	8.33561	1.01495	33.5132	1.07103	31.1665	1.01871	31.3352	1.04488	31.3341	1.01243	31.053	1.03661	31.3675	1.04166	31.0879	1.00314	31.1849	
188	11.25	1.10184	8.04011	1.1175	15.9874	0.961436	16.8543	0.934206	50.5054	1.00602	16.9438	0.930323	8.45516	1.00624	34.0304	1.06934	31.7161	1.01593	31.8574	1.03834	31.8678	1.01675	31.5756	1.03695	31.9006	1.04138	31.6232	1.00515	31.7016	
189	11.31	1.10133	8.18315	1.11866	16.278	0.969036	17.106	0.938178	51.2365	1.00854	17.2057	0.92678	8.57554	1.00122	34.5506	1.06811	32.271	1.01361	32.384	1.03405	32.4051	1.02113	32.1061	1.03512	32.4383	1.04196	32.1645	1.00718	32.2248	
190	11.37	1.10629	8.32836	1.11887	16.5717	0.974819	17.3619	0.940626	51.9773	1.00955	17.4708	0.918434	8.69609	0.99255	35.0717	1.06247	32.8289	1.01471	32.9168	1.02958	32.9456	1.02318	32.6433	1.03716	32.9829	1.04406	32.7127	1.01169	32.756	
191	11.43	1.10979	8.47558	1.11818	16.8684	0.975175	17.6206	0.946164	52.7304	1.01053	17.7389	0.921995	8.8184	0.990431	35.5973	1.05865	33.3906	1.01357	33.4546	1.02796	33.4911	1.02497	33.1872	1.03314	33.5311	1.04092	33.2651	1.01513	33.2947	
192	11.49	1.11237	8.62469	1.11105	17.1662	0.97818	17.8829	0.950563	53.4949	1.00949	18.0095	0.924886	8.94238	0.987379	36.1267	1.05494	33.9563	1.01564	33.9992	1.02237	34.0393	1.02941	33.7392	1.0303	34.0835	1.04154	33.8235	1.02081	33.842	
193	11.55	1.11305	8.77546	1.10554	17.4657	0.973455	18.1466	0.953586	54.2699	1.00522	18.2818	0.928834	9.06819	0.985913	36.6609	1.04859	34.5244	1.01518	34.5492	1.02107	34.5925	1.03161	34.2981	1.02882	34.641	1.038	34.3859	1.02291	34.3962	
194	11.61	1.11547	8.92813	1.09559	17.7656	0.971619	18.4126	0.95603	55.055	1.00386	18.5566	0.933481	9.19595	0.985995	37.2007	1.04426	35.0961	1.01709	35.106	1.0209	35.1514	1.03075	34.8624	1.02624	35.2028	1.0392	34.9548	1.02706	34.9585	
195	11.67	1.11256	9.08197	1.09266	18.0678	0.965026	18.6795	0.957661	55.8496	1.00342	18.8341	0.941584	9.32615	0.987662	37.747	1.03947	35.6711	1.02165	35.6711	1.02034	35.7158	1.03307	35.4338	1.02231	35.7682	1.03544	35.5276	1.03053	35.5285	
196	11.73	1.10594	9.23648	1.08059	18.3698	0.960477	18.9478	0.958674	56.6532	1.00292	19.1144	0.952029	9.45916	0.987585	38.2988	1.03635	36.2502	1.0235	36.2431	1.02235	36.2871	1.03425	36.0118	1.01807	36.3372	1.03585	36.1064	1.0279	36.1029	
197	11.79	1.10633	9.39263	1.0773	18.6739	0.951626	19.2165	0.960538	57.4666	0.99997	19.3966	0.964087	9.59523	0.989047	38.8572	1.03386	36.8339	1.02803	36.8235	1.02369	36.865	1.0337	36.5954	1.01454	36.9099	1.03302	36.6896	1.02899	36.6839	
198	11.85	1.09693	9.54903	1.0685	18.9785	0.945698	19.4861	0.96038	58.2882	1.00288	19.6826	0.978461	9.73474	0.9875	39.4204	1.03078	37.4218	1.03079	37.4114	1.02693	37.4507	1.03529	37.1858	1.01247	37.4874	1.03191	37.2782	1.02752	37.2699	
199	11.91	1.08511	9.70532	1.0614	19.2843	0.94198	19.7575	0.959042	59.1169	1.00857	19.9731	0.988457	9.87711	0.986236	39.9886	1.02534	38.0125	1.03352	38.0068	1.02786	38.0429	1.03498	37.7821	1.00817	38.0682	1.03041	37.8718	1.02557	37.8607	
200	11.97	1.07376	9.86153	1.05789	19.5921	0.938317	20.0305	0.958341	59.9535	1.00708	20.2662	1.00093	10.0227	0.984967	40.5618	1.02491	38.6089	1.03483	38.609	1.02979	38.6422	1.03416	38.3839	1.00663	38.654	1.03219	38.4725	1.02224	38.4556	
4000000	200																													
1	0.03	0	0	0	0	0	0	0	0	0	0	0	0	0	0	0	0	0	0	0	0	0	0	0	0	0	0	0	0	
2	0.09	0	0	0	0	0	0	0	0	0	0	0	0	0	0	0	0	0	0	0	0	0	0	0	0	0	0	0	0	
3	0.15	0	0	0	0	0	0	0	0	0	0	0	0	0	0	0	0	0	0	0	0	0	0	0	0	0	0	0	0	
4	0.21	0	0	0	0	0	0	0	0	0	0	0	0	0	0	0	0	0	0	0	0	0	0	0	0	0	0	0	0	
5	0.27	0	0	0	0	0	0	0	0	0	0	0	0	0	0	0	0	0	0	0	0	0	0	0	0	0	0	0	0	
6	0.33	0	0	0	0	0	0	0	0	0	0	0	0	0	0	0	0	0	0	0	0	0	0	0	0	0	0	0	0	
7	0.39	0	0	0	0	0	0	0	0	0	0	0	0	0	0	0	0	0	0	0	0	0	0	0	0	0	0	0	0	
8	0.45	0	0	0	0	0	0	0	0	0	0	0	0	0	0	0	0	0	0	0	0	0	0	0	0	0	0	0	0	
9	0.51	0	0	0	0	0	0	0	0	0	0	0	0	0	0	0	0	0	0	0	0	0	0	0	0	0	0	0	0	
10	0.57	0	0	0	0	0	0	0	0	0	0	0	0	0	0	0	0	0	0	0	0	0	0	0	0	0	0	0	0	
11	0.63	0	0	0	0	0	0	0	0	0	0	0	0	0	0	0	0	0	0	0	0	0	0	0	0	0	0	0	0	
12	0.69	0	0	0	0	0	0	0	0	0	0	0	0	0	0	0	0	0	0	0	0	0	0	0	0	0	0	0	0	
13	0.75	0	0	0	0	0	0	0	0	0	0	0	0	0	0	0	0	0	0	0	0	0	0	0	0	0	0	0	0	
14	0.81	0	0	0	0	0	0	0	0	0	0	0	0	0	0	0	0	0	0	0	0	0	0	0	0	0	0	0	0	
15	0.87	0	0	0	0	0	0	0	0	0	0	0	0	0	0	0	0	0	0	0	0	0	0	0	0	0	0	0	0	
16	0.93	0	0	0	0	0	0	0	0	0	0	0	0	0	0	0	0	0	0	0	0	0	0	0	0	0	0	0	0	
17	0.99	0	0	0	0	0	0	0	0	0	0	0	0	0	0	0	0	0	0	0	0	0	0	0	0	0	0	0	0	
18	1.05	0	0	0	0	0	0	0	0	0	0	0	0	0	0	0	0	0	0	0	0	0	0	0	0	0	0	0	0	
19	1.11	0	0	0	0	0	0	0	0	0	0	0	0	0	0	0	0	0	0	0	0	0	0	0	0	0	0	0	0	
20	1.17	0	0	0	0	0	0	0	0	0	0	0	0	0	0	0	0	0	0	0	0	0	0	0	0	0	0	0	0	
21	1.23	0	0	0	0	0	0	0	0	0	0	0	0	0	0	0	0	0	0	0	0	0	0	0	0	0	0	0	0	
22	1.29	0	0	0	0	0	0	0	0	0	0	0	0	0	0	0	0	0	0	0	0	0	0	0	0	0	0	0	0	
23	1.35	0	0	0	0	0	0	0	0	0	0	0	0	0	0	0	0	0	0	0	0	0	0	0	0	0	0	0	0	
24	1.41	0	0	0	0	0	0	0	0	0	0	0	0	0	0	0	0	0	0	0	0	0	0	0	0	0	0	0	0	
25	1.47	0	0	0	0	0	0	0	0	0	0	0	0	0	0	0	0	0	0	0	0	0	0	0	0	0	0	0	0	
26	1.53	0	0	0	0	0	0	0	0	0	0	0	0	0	0	0	0	0	0	0	0	0	0	0	0	0	0	0	0	
27	1.59	0	0	0	0	0	0	0	0	0	0	0	0	0	0	0	0	0	0	0	0	0	0	0	0	0	0	0	0	
28	1.65	0.0956726	0.0002645	0	0	0	0	0	0	0	0	0	0	0	0	0	0	0	0	0	0	0	0	0	0	0	0	0	0	
29	1.71	8.22373	0.0246835	0.000168388	1.00E-06	0	0	0	0	0	0	0	0	0	0	0	0	0	0	0	0	0	0	4.21E-05	5.00E-07	0	0	0	0	
30	1.77	56.6556	0.204924	7.86E-05	1.50E-06	0	0	0	0	0	0	0	0	0	0	0	0	0.00754398	9.60E-05	0	0	0	0	0.0150487	0.000192	0.000667957	8.50E-06	3.93E-05	5.00E-07	
31	1.83	80.9678	0.480268	0.000367575	4.00E-06	0	0	0	0	0	0	0	0	0.00150706	2.05E-05	0	0	1.00396	0.0137525	0	0	0	0	0.589481	0.0082105	0.00305088	5.00E-05	0.000330818	5.00E-06	
32	1.89	43.0453	0.636406	0.00199874	1.85E-05	0	0	2.30E-05	5.00E-07	0	0	0	0	0.128229	0.001881	0	0	10.7756	0.170098	0	0	0	0	4.23594	0.0696705	0.0152662	0.0002715	0.00155074	2.75E-05	
33	1.95	12.7313	0.685565	0.0093882	9.10E-05	0	0	0	5.00E-07	0	0	0	0	1.74792	0.0288775	0	0	25.0943	0.557678	0	0	0	0	10.4037	0.230355	0.0540631	0.0011065	0.008417	0.0001575	
34	2.01	2.76942	0.696927	0.0378429	0.0004015	0	0	0.000264068	7.00E-06	0	0	0	0	7.09455	0.145299	0	0	22.0512	0.919536	0.000152347	2.50E-06	0	0	12.8066	0.44051	0.140189	0.003407	0.037264	0.000769	
35	2.07	0.554465	0.699339	0.154963	0.00175	0	0	0.00053627	2.10E-05	0	0	0	0	12.8232	0.368477	0.000660761	1.15E-05	10.7992	1.10749	0.00643524	0.0001145	0	0	10.3289	0.620276	0.284472	0.008358	0.146315	0.0033155	
36	2.13	0.109075	0.699842	0.51325	0.006479	0	0	0.00141092	6.00E-05	0	0	0	0	13.9542	0.62562	0.010609	0.000207	3.84938	1.17842	0.0637628	0.0012895	0	0	6.64227	0.742677	0.500335	0.017578	0.454697	0.0116945	
37	2.19	0.0240242	0.699959	1.4493	0.0205955	0	0	0.00265224	0.0001375	0	0	0	0	11.0082	0.840064	0.0848289	0.0018595	1.20411	1.20188	0.33911	0.0078955	0	0	3.87936	0.818249	0.790872	0.0329845	1.12662	0.0336415	
38	2.25	0.00398787	0.699979	3.2931	0.0544525	0	0	0.00434451	0.0002715	0	0	0	0	7.28907	0.989944	0.403407	0.0101545	0.369826	1.20948	0.98741	0.028199	0	0	2.30662	0.865678	1.11116	0.0558325	2.32894	0.08153	
39	2.31	0.00230696	0.699992	6.37278	0.123513	0	0	0.00627492	0.0004755	0	0	0	0	4.40292	1.08537	1.33605	0.0391115	0.117101	1.21202	2.0107	0.071778	0	0	1.51281	0.898466	1.43087	0.0868445	3.99786	0.168178	
40	2.37	0.000788988	0.699996	10.6126	0.244571	0	0	0.00847431	0.0007655	0	0	8.77E-05	5.00E-07	2.6048	1.1448	3.1368	0.110674	0.0433943	1.21301	3.24405	0.145788	0	0	1.14392	0.924563	1.72512	0.126202	5.80035	0.300508	
41	2.43	0.00016678	0.699997	15.4009	0.429257	0	0	0.0116607	0.001185	0	0	0.00016678	1.50E-06	1.55272	1.18204	5.52382	0.243156	0.0167197	1.21341	4.5918	0.255917	0	0	1.00964	0.948778	1.98299	0.173761	7.21689	0.473595	
42	2.49	0.000794196	0.700002	19.0728	0.669409	0	0	0.0159633	0.001788	0	0	0	1.50E-06	0.956133	1.20611	7.53389	0.43288	0.00645285	1.21358	5.85372	0.403329	0	0	0.997828	0.973906	2.14211	0.227705	7.59903	0.664959	
43	2.55	0.000378632	0.700005	19.4916	0.926804	0	0	0.0202568	0.0025905	0	0	0.000151453	2.50E-06	0.623626	1.22259	8.19954	0.649437	0.00374846	1.21367	6.63263	0.578503	0	0	1.06331	1.00199	2.2224	0.286401	6.78743	0.844222	
44	2.61	0.000722849	0.70001	15.8643	1.14627	0	0	0.0261189	0.0036745	7.23E-05	1.00E-06	0.000650564	7.00E-06	0.426174	1.23438	7.26188	0.850361	0.00265647	1.21375	6.62355	0.761765	1.81E-05	5.00E-07	1.1775	1.03457	2.2368	0.348289	5.19578	0.98798	
45	2.67	0.000967019	0.700017	9.9576	1.29044	0	0	0.0312094	0.00503	6.91E-05	2.00E-06	0.000552582	1.10E-05	0.312779	1.24343	5.36189	1.00561	0.00153687	1.21379	5.69914	0.926783	0.000172682	5.50E-06	1.33979	1.07336	2.19209	0.411761	3.43395	1.08741	
46	2.73	0.00409634	0.700048	4.75698	1.36243	0	0	0.0374727	0.0067315	0.00039642	8.00E-06	0.00165175	2.35E-05	0.243121	1.25079	3.34468	1.10686	0.00161872	1.21384	4.23949	1.05512	0.000578113	2.30E-05	1.51234	1.11914	2.08856	0.474983	2.01636	1.14845	
47	2.79	0.010501	0.700131	1.69926	1.3893	3.16E-05	5.00E-07	0.0456203	0.008895	0.0013917	3.00E-05	0.00215081	4.05E-05	0.203821	1.25724	1.79165	1.16351	0.00164473	1.21389	2.76307	1.14247	0.00240384	9.90E-05	1.71925	1.1735	1.95997	0.53695	1.0708	1.1823	
48	2.85	0.0246132	0.700334	0.483807	1.39728	0	5.00E-07	0.0525304	0.0114945	0.005638	0.000123	0.00588049	8.90E-05	0.182977	1.26327	0.852808	1.19164	0.00201574	1.21396	1.70799	1.19882	0.00765373	0.0003515	1.94138	1.23755	1.7905	0.59602	0.522015	1.19952	
49	2.91	0.051346	0.700775	0.121474	1.39937	5.81E-05	1.50E-06	0.0601363	0.014597	0.0174739	0.0004235	0.0112229	0.0001855	0.174754	1.26928	0.374396	1.20452	0.00296563	1.21406	1.15898	1.23868	0.0230127	0.001143	2.1405	1.31117	1.63423	0.652227	0.242847	1.20788	
50	2.97	0.110922	0.701769	0.0283306	1.39987	2.79E-05	2.00E-06	0.0717988	0.0184555	0.0453569	0.001236	0.0200966	0.0003655	0.17671	1.27562	0.166634	1.21049	0.00480085	1.21423	1.16961	1.28059	0.0556704	0.0031375	2.3028	1.39367	1.46295	0.70464	0.113406	1.21194	
51	3.03	0.190672	0.703546	0.0093593	1.40005	0.00021454	6.00E-06	0.0802826	0.022946	0.111534	0.0033155	0.0291774	0.0006375	0.189104	1.28267	0.0803854	1.21348	0.00879614	1.21456	1.76981	1.34658	0.130494	0.0080035	2.43766	1.48457	1.32179	0.753929	0.0645229	1.21434	
52	3.09	0.319491	0.706643	0.00665283	1.40018	0.000180503	9.50E-06	0.0927873	0.0283435	0.244505	0.0080565	0.0452805	0.0010765	0.206264	1.29067	0.0566909	1.21568	0.0157425	1.21517	3.01933	1.46367	0.28067	0.018888	2.4801	1.58075	1.20559	0.800683	0.0523975	1.21638	
53	3.15	0.420485	0.71088	0.00930496	1.40036	0.000620331	2.20E-05	0.104017	0.0346315	0.481079	0.0177505	0.0714125	0.001796	0.229907	1.29993	0.0584228	1.21804	0.0289694	1.21634	4.13855	1.63046	0.539353	0.0406245	2.43057	1.6787	1.11802	0.84574	0.0584228	1.21873	
54	3.21	0.501924	0.716131	0.0173712	1.40073	0.00119472	4.70E-05	0.119065	0.042106	0.945881	0.0375435	0.0998783	0.002841	0.268178	1.31115	0.0785885	1.22133	0.0513728	1.21849	4.0683	1.80072	0.941819	0.0800405	2.29771	1.77486	1.07073	0.890551	0.07461	1.22185	
55	3.27	0.517292	0.721748	0.0317292	1.40142	0.0021644	9.40E-05	0.135313	0.050921	1.772	0.0760225	0.136449	0.0043225	0.30259	1.3243	0.117292	1.22642	0.0835597	1.22212	2.96629	1.92955	1.49688	0.14505	2.07861	1.86514	1.09604	0.938152	0.100161	1.2262	
56	3.33	0.468356	0.727021	0.0546867	1.40265	0.00515116	0.00021	0.159745	0.061713	3.33755	0.151182	0.179403	0.0063425	0.352144	1.34016	0.173086	1.23422	0.125271	1.22776	1.77964	2.0097	2.1408	0.241468	1.8166	1.94695	1.23138	0.993611	0.13211	1.23215	
57	3.39	0.423516	0.731963	0.0908177	1.40477	0.00874112	0.000414	0.186113	0.0747435	5.84284	0.287542	0.236267	0.0090995	0.40764	1.35918	0.244923	1.24565	0.182278	1.23627	0.958941	2.05446	2.77597	0.371039	1.53777	2.01873	1.49643	1.06346	0.175101	1.24033	
58	3.45	0.427489	0.73713	0.135636	1.40805	0.015597	0.000791	0.218916	0.090618	8.34423	0.489233	0.313428	0.0128875	0.473163	1.38206	0.34034	1.2621	0.256067	1.24865	0.509538	2.07909	3.24811	0.528062	1.2814	2.08068	1.84121	1.15247	0.219071	1.25092	
59	3.51	0.503609	0.74343	0.194249	1.41291	0.0281981	0.0014965	0.259905	0.110126	8.94825	0.713113	0.429826	0.0182645	0.546186	1.40939	0.451459	1.28469	0.363518	1.26684	0.298658	2.09404	3.37189	0.696787	1.08541	2.13499	2.11004	1.25805	0.266713	1.26426	
60	3.57	0.628273	0.751561	0.267811	1.41984	0.0472914	0.0027205	0.30572	0.133864	7.34477	0.903211	0.584149	0.025824	0.6411	1.44257	0.570192	1.31421	0.511821	1.29333	0.211768	2.105	3.17741	0.861263	0.944602	2.18388	2.1272	1.36816	0.311393	1.28038	
61	3.63	0.753045	0.761636	0.338106	1.42888	0.0808502	0.004884	0.359899	0.162756	5.04547	1.03822	0.766797	0.0360835	0.740237	1.48219	0.698345	1.35158	0.715301	1.33161	0.194222	2.11539	2.7144	1.00653	0.871845	2.23055	1.92825	1.47136	0.347066	1.29896	
62	3.69	0.871968	0.773692	0.423362	1.44059	0.132056	0.0085355	0.421373	0.19771	3.09433	1.12379	0.963935	0.0494105	0.856019	1.52953	0.825442	1.39723	0.969043	1.3852	0.214647	2.12726	2.13423	1.12456	0.850658	2.27759	1.5726	1.55833	0.379187	1.31993	
63	3.75	0.914883	0.786755	0.499111	1.45484	0.208192	0.014481	0.492271	0.239885	1.83525	1.1762	1.15909	0.065961	0.987236	1.58592	0.939631	1.4509	1.28348	1.45851	0.253329	2.14173	1.62644	1.21746	0.869518	2.32725	1.24899	1.62967	0.404829	1.34305	
64	3.81	0.840839	0.799149	0.576226	1.47183	0.323011	0.024003	0.571329	0.290412	1.10447	1.20876	1.35761	0.0859715	1.1344	1.6528	1.0523	1.51294	1.6221	1.55415	0.296678	2.15922	1.28553	1.29325	0.907903	2.38078	1.02851	1.69031	0.426212	1.36818	
65	3.87	0.709921	0.809944	0.641615	1.49135	0.471056	0.03833	0.659578	0.350594	0.698561	1.23	1.63441	0.110826	1.28754	1.73112	1.14916	1.58284	1.9326	1.67171	0.334247	2.17956	1.13601	1.36235	0.934829	2.43764	0.899665	1.74503	0.440914	1.395	
66	3.93	0.537318	0.818371	0.672628	1.51244	0.671448	0.05939	0.744821	0.420678	0.484616	1.2452	1.97672	0.141827	1.46627	1.8231	1.22892	1.65993	2.20303	1.8099	0.362617	2.2023	1.14749	1.43433	0.951011	2.4973	0.841614	1.79783	0.459819	1.42384	
67	3.99	0.360717	0.824202	0.684301	1.53457	0.918279	0.089078	0.832048	0.501378	0.377389	1.2574	2.36727	0.180093	1.65144	1.92988	1.30058	1.74403	2.37821	1.96368	0.384132	2.22714	1.23728	1.51434	0.946805	2.55852	0.817405	1.85068	0.478595	1.45479	
68	4.05	0.232845	0.82808	0.677206	1.55712	1.21243	0.129464	0.925657	0.593879	0.335623	1.26858	2.80636	0.226833	1.81952	2.0511	1.36026	1.83465	2.44715	2.12671	0.406331	2.25421	1.38394	1.60653	0.919673	2.61979	0.80012	1.90398	0.507217	1.48858	
69	4.11	0.155696	0.83075	0.673188	1.58022	1.52088	0.181635	1.0117	0.697994	0.333737	1.28003	3.27082	0.282934	1.99198	2.18776	1.40791	1.93124	2.37041	2.28933	0.428697	2.28362	1.51847	1.71071	0.8738	2.67974	0.790376	1.95821	0.557254	1.52681	
70	4.17	0.125988	0.832975	0.672618	1.60397	1.85504	0.247142	1.09815	0.814331	0.36171	1.2928	3.72097	0.348633	2.13761	2.33873	1.43456	2.03256	2.09639	2.43739	0.466056	2.31654	1.62403	1.82541	0.820744	2.73771	0.783342	2.01353	0.617354	1.57041	
71	4.23	0.136117	0.835448	0.688692	1.62899	2.17138	0.326042	1.1875	0.943778	0.422388	1.30815	4.21917	0.425287	2.26028	2.50299	1.44257	2.13739	1.65612	2.55775	0.507069	2.35339	1.62795	1.94372	0.743589	2.79174	0.773387	2.06974	0.678165	1.6197	
72	4.29	0.167173	0.838572	0.717858	1.65582	2.45769	0.417896	1.26783	1.08593	0.497159	1.32673	4.71941	0.51348	2.34428	2.67822	1.43391	2.24458	1.17849	2.64584	0.556444	2.39498	1.4952	2.05548	0.673743	2.8421	0.771009	2.12737	0.742273	1.67518	
73	4.35	0.213833	0.842681	0.751253	1.68469	2.72961	0.522788	1.3386	1.24025	0.600904	1.34982	5.19813	0.613355	2.38016	2.86115	1.40066	2.35222	0.786177	2.70626	0.618079	2.44248	1.24052	2.15082	0.60361	2.88849	0.768162	2.18641	0.796729	1.73641	
74	4.41	0.26029	0.847821	0.781236	1.71555	2.97261	0.640189	1.40729	1.40699	0.715872	1.3781	5.52472	0.722452	2.33185	3.04534	1.33491	2.45767	0.514331	2.74688	0.670163	2.49542	0.964236	2.22699	0.553559	2.93222	0.770222	2.24725	0.843105	1.80301	
75	4.47	0.304241	0.853993	0.788968	1.74756	3.12191	0.766865	1.46308	1.58509	0.831652	1.41184	5.57249	0.835509	2.15658	3.22035	1.24553	2.55875	0.351978	2.77545	0.710344	2.55307	0.744317	2.28739	0.516525	2.97414	0.779399	2.3105	0.876235	1.87412	
76	4.53	0.344443	0.86117	0.770666	1.77968	3.15487	0.898338	1.51119	1.77402	0.919719	1.45017	5.20303	0.943921	1.85411	3.37488	1.14248	2.65397	0.263324	2.7974	0.746016	2.61524	0.617588	2.33886	0.493491	3.01527	0.78579	2.37599	0.901422	1.94925	
77	4.59	0.368243	0.869048	0.722626	1.81059	2.96118	1.02503	1.54309	1.97207	0.990586	1.49255	4.41973	1.03847	1.49835	3.5031	1.02844	2.74197	0.213443	2.81566	0.765667	2.68076	0.563841	2.38711	0.483601	3.05665	0.797536	2.44423	0.936063	2.02934	
78	4.65	0.392552	0.877666	0.652492	1.83924	2.58907	1.13872	1.53815	2.1747	1.03962	1.5382	3.36415	1.11233	1.18619	3.60727	0.908043	2.82171	0.190799	2.83242	0.762786	2.74775	0.551274	2.43552	0.48572	3.0993	0.811072	2.51546	0.980207	2.11543	
79	4.71	0.405012	0.886789	0.578084	1.86529	2.0835	1.23258	1.52156	2.38034	1.08202	1.58695	2.29569	1.16404	0.956759	3.69347	0.802027	2.89398	0.180109	2.84864	0.746251	2.81499	0.55572	2.48559	0.49814	3.14419	0.826033	2.58989	1.0554	2.21052	
80	4.77	0.418347	0.896454	0.522306	1.88942	1.59979	1.3065	1.47694	2.58507	1.10348	1.63793	1.51127	1.19895	0.801877	3.76758	0.707408	2.95935	0.184355	2.86568	0.723819	2.88188	0.57519	2.53875	0.514845	3.19177	0.841526	2.66765	1.15595	2.31734	
81	4.83	0.433116	0.906713	0.475954	1.91197	1.20891	1.36377	1.41579	2.78629	1.13785	1.69184	0.992436	1.22246	0.709599	3.83481	0.631959	3.01923	0.197608	2.8844	0.701378	2.94833	0.583706	2.59405	0.537389	3.24268	0.862411	2.74937	1.27948	2.43857	
82	4.89	0.455357	0.917769	0.452279	1.93393	0.952694	1.41003	1.34613	2.98239	1.16718	1.74852	0.699778	1.23945	0.655441	3.89847	0.573223	3.0749	0.220991	2.90587	0.683695	3.01473	0.596606	2.652	0.557124	3.29679	0.875289	2.83437	1.40214	2.57475	
83	4.95	0.476802	0.929632	0.440487	1.95585	0.794064	1.44955	1.27286	3.1724	1.18861	1.80766	0.561571	1.25342	0.620621	3.96023	0.53227	3.12787	0.248846	2.93063	0.666528	3.08106	0.605569	2.71226	0.581151	3.35463	0.89279	2.92322	1.51306	2.72532	
84	5.01	0.486442	0.942029	0.432717	1.97791	0.711251	1.4858	1.20794	3.35711	1.22639	1.87017	0.481989	1.26571	0.607415	4.02215	0.508042	3.17966	0.28853	2.96005	0.64982	3.14731	0.617048	2.77516	0.599896	3.41578	0.910978	3.01609	1.53656	2.88197	
85	5.07	0.482755	0.954629	0.432124	2.00046	0.67307	1.52093	1.16102	3.53893	1.27003	1.93647	0.465533	1.27786	0.608301	4.08566	0.491721	3.231	0.327986	2.99429	0.633128	3.21341	0.62922	2.84086	0.62264	3.48079	0.928188	3.113	1.42448	3.03068	
86	5.13	0.485469	0.967602	0.434677	2.02369	0.666774	1.55657	1.14123	3.7219	1.29012	2.00542	0.457046	1.29007	0.616225	4.15152	0.490474	3.28342	0.367755	3.03359	0.618367	3.2795	0.643445	2.90963	0.64163	3.54937	0.939905	3.21346	1.17404	3.15617	
87	5.19	0.477253	0.980655	0.441357	2.04784	0.673795	1.59343	1.1434	3.90953	1.31273	2.07722	0.47749	1.30313	0.63146	4.22061	0.495319	3.33761	0.409548	3.0784	0.596264	3.34473	0.659988	2.98183	0.648508	3.62031	0.94956	3.31734	0.896572	3.25426	
88	5.25	0.46989	0.993805	0.449202	2.07298	0.70614	1.63295	1.17534	4.10689	1.32817	2.15157	0.489311	1.31683	0.656678	4.29412	0.502683	3.39388	0.453355	3.12915	0.565321	3.40802	0.687434	3.05879	0.657643	3.69393	0.95594	3.42435	0.679167	3.33029	
89	5.31	0.461113	1.00701	0.46657	2.09969	0.744141	1.67556	1.22907	4.31802	1.35618	2.22922	0.522361	1.33178	0.684186	4.37247	0.521086	3.45356	0.494465	3.18578	0.537284	3.46955	0.715582	3.14074	0.65826	3.76932	0.950413	3.53319	0.53769	3.39186	
90	5.37	0.470658	1.02079	0.476891	2.12762	0.788175	1.72171	1.30242	4.54683	1.37671	2.30984	0.565534	1.34834	0.713231	4.45601	0.543403	3.5172	0.531023	3.24797	0.512473	3.52957	0.74802	3.22835	0.663731	3.84705	0.946255	3.64402	0.465415	3.44637	
91	5.43	0.495386	1.03562	0.492631	2.15712	0.84321	1.7722	1.38932	4.7964	1.39889	2.3936	0.596428	1.3662	0.752432	4.54611	0.571171	3.5856	0.567414	3.31592	0.488961	3.58812	0.78241	3.32204	0.66476	3.92666	0.935054	3.756	0.431513	3.49805	
92	5.49	0.518421	1.05148	0.506723	2.18813	0.900583	1.82733	1.48281	5.06867	1.41476	2.48019	0.634796	1.38562	0.791036	4.64295	0.599772	3.65902	0.601904	3.3896	0.482208	3.64715	0.813922	3.42168	0.666733	4.00828	0.917407	3.8683	0.422831	3.54981	
93	5.55	0.552994	1.06878	0.517368	2.2205	0.973507	1.88822	1.58013	5.36519	1.42774	2.5695	0.65566	1.40613	0.827637	4.74649	0.63746	3.73877	0.634118	3.46893	0.484212	3.70773	0.845394	3.52744	0.66831	4.09189	0.895648	3.98035	0.426096	3.60311	
94	5.61	0.586291	1.08752	0.530206	2.25438	1.04006	1.95469	1.68019	5.68735	1.42743	2.66073	0.677682	1.42779	0.866974	4.85731	0.678992	3.82556	0.662208	3.55358	0.497888	3.77137	0.873623	3.63911	0.664954	4.17688	0.870189	4.09158	0.442425	3.65967	
95	5.67	0.617893	1.10769	0.550276	2.29031	1.11517	2.0275	1.77105	6.03422	1.433	2.75429	0.673127	1.44976	0.902187	4.97511	0.715785	3.91902	0.683492	3.64282	0.520465	3.83933	0.899954	3.75662	0.66788	4.26409	0.847516	4.20224	0.465024	3.72039	
96	5.73	0.644061	1.12916	0.567721	2.32816	1.1775	2.10601	1.8316	6.40059	1.41809	2.84884	0.679906	1.47242	0.939709	5.10042	0.749377	4.01895	0.702002	3.73644	0.553375	3.91312	0.922698	3.87966	0.670217	4.35347	0.824693	4.31222	0.493147	3.78615	
97	5.79	0.669222	1.15194	0.587413	2.36815	1.24814	2.19098	1.82461	6.77324	1.39959	2.94412	0.684396	1.49572	0.967952	5.23221	0.781459	4.12536	0.720236	3.8345	0.58901	3.99332	0.938468	4.00744	0.67346	4.44516	0.807624	4.42218	0.524049	3.8575	
98	5.85	0.681969	1.17563	0.608779	2.41046	1.30932	2.28198	1.74486	7.13703	1.36936	3.03929	0.681034	1.51939	1.00252	5.37156	0.806815	4.2375	0.735877	3.93679	0.631327	4.08107	0.958012	4.1406	0.676843	4.53924	0.792858	4.53238	0.558925	3.93519	
99	5.91	0.676355	1.19962	0.628682	2.45505	1.38227	2.38002	1.62572	7.48297	1.32642	3.13337	0.701563	1.54427	1.03196	5.51795	0.834391	4.35587	0.74555	4.04255	0.670751	4.17623	0.962383	4.27712	0.675946	4.63513	0.781829	4.64329	0.59296	4.01931	
100	5.97	0.663174	1.22362	0.650525	2.50214	1.45009	2.48497	1.5177	7.81251	1.237	3.2229	0.723234	1.57044	1.06545	5.67218	0.853896	4.47947	0.752449	4.15147	0.704174	4.27816	0.971045	4.41769	0.683208	4.73403	0.781584	4.75643	0.627151	4.11009	
101	6.03	0.639357	1.24723	0.672368	2.55178	1.51311	2.5967	1.43114	8.12954	1.12809	3.3062	0.754295	1.59829	1.09272	5.83356	0.868888	4.60779	0.758107	4.26343	0.736026	4.38686	0.966521	4.56042	0.686235	4.83537	0.783717	4.87217	0.659827	4.20753	
102	6.09	0.62236	1.27066	0.686861	2.60351	1.56516	2.71458	1.37569	8.44037	1.01175	3.3824	0.790955	1.62807	1.12337	6.00277	0.877911	4.74003	0.762943	4.37835	0.759667	4.50129	0.965252	4.70582	0.692922	4.93975	0.789687	4.99112	0.690691	4.31157	
103	6.15	0.616317	1.29433	0.708169	2.65791	1.62296	2.83924	1.34174	8.74954	0.901717	3.45166	0.822024	1.65964	1.15876	6.18078	0.886572	4.87622	0.766434	4.49609	0.77602	4.6205	0.95662	4.85278	0.702265	5.04763	0.793723	5.11305	0.730497	4.42379	
104	6.21	0.61113	1.31826	0.727431	2.71488	1.66	2.96924	1.32731	9.06138	0.806606	3.51483	0.853309	1.69306	1.1932	6.36766	0.895588	5.0165	0.77076	4.61681	0.787727	4.74387	0.950952	5.00172	0.712514	5.15923	0.805333	5.23919	0.759009	4.54267	
105	6.27	0.631606	1.34347	0.74496	2.77435	1.6906	3.10421	1.31972	9.37746	0.736329	3.57362	0.889515	1.72856	1.23247	6.56445	0.896467	5.15963	0.781109	4.74153	0.79724	4.87117	0.942997	5.15229	0.726224	5.27518	0.813893	5.36914	0.790263	4.66885	
106	6.33	0.668786	1.37068	0.761364	2.8363	1.69686	3.24228	1.31659	9.69885	0.69712	3.63034	0.921153	1.76604	1.26658	6.77057	0.895372	5.30535	0.79069	4.87021	0.802958	5.00184	0.937516	5.30486	0.742416	5.396	0.824535	5.50333	0.822864	4.80277	
107	6.39	0.721216	1.40058	0.781649	2.90112	1.69642	3.38295	1.31678	10.0264	0.675106	3.68632	0.951946	1.80551	1.3006	6.98626	0.893802	5.45357	0.800561	5.00297	0.804882	5.13532	0.933223	5.45962	0.757104	5.52156	0.838842	5.64244	0.851339	4.94395	
108	6.45	0.780028	1.43353	0.793179	2.96813	1.683	3.52514	1.32546	10.3624	0.666901	3.74266	0.968336	1.84641	1.32927	7.21087	0.891771	5.60426	0.812265	5.14022	0.811815	5.27249	0.930675	5.61688	0.779996	5.65335	0.849935	5.78605	0.880417	5.09271	
109	6.51	0.820664	1.46885	0.800929	3.03706	1.66662	3.66857	1.33167	10.7062	0.666197	3.8	0.988808	1.88896	1.34278	7.442	0.890639	5.75756	0.828574	5.28284	0.818625	5.4134	0.921468	5.77549	0.797867	5.79069	0.858514	5.93383	0.904542	5.24841	
110	6.57	0.855186	1.50633	0.803382	3.10748	1.62871	3.81134	1.3471	11.0604	0.680426	3.85964	0.993179	1.93249	1.34354	7.67754	0.894496	5.91438	0.846485	5.43124	0.829008	5.55874	0.918059	5.93644	0.819527	5.93436	0.872253	6.08674	0.92594	5.41074	
111	6.63	0.871593	1.54523	0.793136	3.17828	1.59451	3.95367	1.35523	11.4234	0.690101	3.92124	0.991046	1.97673	1.31223	7.91181	0.893231	6.07385	0.871344	5.5868	0.837101	5.70819	0.915911	6.09995	0.839406	6.08422	0.879163	6.2437	0.945418	5.57952	
112	6.69	0.877297	1.5851	0.789382	3.25002	1.5414	4.09377	1.3659	11.7958	0.704211	3.98525	0.997687	2.02206	1.26176	8.14117	0.897638	6.23701	0.897223	5.74989	0.849139	5.86254	0.915988	6.26646	0.847368	6.23825	0.888416	6.4052	0.963079	5.75459	
113	6.75	0.873918	1.62553	0.78965	3.32309	1.49191	4.23181	1.37886	12.1785	0.719464	4.05182	0.977987	2.06731	1.18196	8.35989	0.898676	6.40332	0.924726	5.92102	0.862827	6.02221	0.916615	6.43608	0.847088	6.39501	0.897461	6.57127	0.978098	5.93559	
114	6.81	0.887076	1.6673	0.792101	3.39769	1.44271	4.36768	1.38613	12.5702	0.734099	4.12095	0.960723	2.11255	1.1002	8.56712	0.901692	6.57316	0.948013	6.09958	0.875212	6.18706	0.916339	6.60868	0.84696	6.55454	0.906191	6.74196	0.984097	6.12095	
115	6.87	0.904055	1.71063	0.799365	3.4743	1.39439	4.50132	1.39235	12.9705	0.75508	4.19332	0.934709	2.15734	1.02115	8.76287	0.906911	6.747	0.965076	6.28457	0.889237	6.35752	0.924755	6.78594	0.835074	6.71461	0.909486	6.9163	0.994704	6.31162	
116	6.93	0.920388	1.75551	0.810453	3.55334	1.3551	4.63348	1.39574	13.3789	0.774925	4.2689	0.908319	2.20163	0.954315	8.94901	0.912928	6.92507	0.97978	6.47568	0.90511	6.53406	0.932331	6.9678	0.82556	6.87564	0.915282	7.09483	1.00034	6.50674	
117	6.99	0.932915	1.80179	0.829032	3.6356	1.32243	4.7647	1.39783	13.795	0.803806	4.34865	0.886464	2.24561	0.902143	9.12804	0.913615	7.10637	0.985627	6.67128	0.920967	6.71682	0.943381	7.15501	0.819067	7.03818	0.919584	7.27731	0.996824	6.70456	
118	7.05	0.946984	1.84958	0.850123	3.72141	1.27907	4.8938	1.39731	14.2181	0.835737	4.43301	0.870548	2.28955	0.863181	9.30228	0.911042	7.29028	0.979568	6.86902	0.941637	6.90691	0.95444	7.34768	0.814352	7.20257	0.923771	7.46379	0.997842	6.90599	
119	7.11	0.947356	1.89821	0.867791	3.81049	1.24383	5.02149	1.38707	14.6452	0.870368	4.52236	0.867178	2.33406	0.834991	9.47372	0.914872	7.47812	0.98041	7.07031	0.964931	7.10502	0.968894	7.54661	0.817644	7.37045	0.925887	7.65389	0.993268	7.10992	
120	7.17	0.936462	1.94709	0.882821	3.90266	1.20284	5.14706	1.37948	15.0773	0.901758	4.6165	0.879622	2.37997	0.822451	9.64545	0.913902	7.66894	0.973259	7.27352	0.985629	7.31082	0.979719	7.75117	0.817104	7.54106	0.928655	7.84779	0.987076	7.31602	
121	7.23	0.923838	1.99613	0.894776	3.99764	1.1771	5.27201	1.3644	15.5118	0.941916	4.71649	0.889689	2.4272	0.818761	9.81927	0.91418	7.86302	0.967765	7.47899	1.0073	7.52467	0.997633	7.96297	0.819109	7.71496	0.930461	8.04533	0.976639	7.52337	
122	7.29	0.892497	2.04429	0.907521	4.09558	1.1583	5.39702	1.33998	15.9456	0.982117	4.82248	0.921156	2.4769	0.827382	9.99786	0.916366	8.06082	0.966721	7.68765	1.02477	7.74586	1.01642	8.18236	0.827067	7.89347	0.930241	8.24612	0.966559	7.73199	
123	7.35	0.880902	2.0926	0.913908	4.19584	1.15745	5.524	1.32051	16.3802	1.01987	4.93436	0.955556	2.52932	0.836134	10.1813	0.91981	8.26263	0.965514	7.89949	1.04288	7.97468	1.03257	8.40892	0.83571	8.07684	0.930831	8.45035	0.962923	7.94327	
124	7.41	0.865331	2.14085	0.917678	4.29817	1.15613	5.65291	1.2975	16.8143	1.05268	5.05174	0.98277	2.58411	0.853244	10.3716	0.923225	8.46852	0.963796	8.11443	1.05649	8.21029	1.05132	8.64337	0.846065	8.26552	0.926317	8.65693	0.955785	8.15642	
125	7.47	0.847276	2.18885	0.924723	4.40295	1.16715	5.78517	1.27072	17.2463	1.08555	5.17475	1.0149	2.64161	0.86981	10.5687	0.930322	8.67936	0.968343	8.33389	1.06724	8.45216	1.06776	8.88536	0.859066	8.46021	0.927383	8.86711	0.954158	8.37266	
126	7.53	0.838352	2.23712	0.934649	4.51057	1.1632	5.91911	1.24566	17.6765	1.11903	5.30361	1.03573	2.70124	0.883452	10.7722	0.937638	8.89529	0.968866	8.55701	1.0717	8.69897	1.08132	9.13438	0.872642	8.66117	0.923786	9.07985	0.952463	8.592	
127	7.59	0.83581	2.28601	0.939706	4.62051	1.16187	6.05503	1.21535	18.1031	1.15294	5.43848	1.05248	2.7628	0.895158	10.9816	0.948373	9.11719	0.971525	8.78432	1.06816	8.94889	1.09023	9.38946	0.886544	8.8686	0.924559	9.29617	0.957013	8.81592	
128	7.65	0.837543	2.33578	0.953674	4.73385	1.15114	6.19184	1.18898	18.527	1.17766	5.57844	1.06176	2.8259	0.910218	11.198	0.958655	9.34505	0.977127	9.01657	1.06232	9.20139	1.09268	9.64918	0.901534	9.08289	0.920902	9.51506	0.961499	9.04446	
129	7.71	0.834582	2.38615	0.959126	4.84963	1.13176	6.32846	1.16244	18.948	1.19861	5.72313	1.06356	2.89009	0.920024	11.4201	0.971828	9.57968	0.985109	9.25441	1.05965	9.45722	1.08958	9.91224	0.916775	9.30422	0.918914	9.73691	0.971666	9.27905	
130	7.77	0.852777	2.43843	0.962543	4.96764	1.10925	6.46445	1.13508	19.3655	1.21119	5.87163	1.06317	2.95526	0.931015	11.6484	0.976668	9.81916	0.99376	9.49808	1.05169	9.7151	1.08248	10.1777	0.927646	9.53169	0.914508	9.96115	0.976522	9.51849	
131	7.83	0.865798	2.49233	0.956378	5.08671	1.09035	6.6002	1.11159	19.7806	1.2185	6.02333	1.06291	3.02143	0.945413	11.8838	0.982822	10.0639	1.00059	9.74723	1.0425	9.97469	1.07345	10.445	0.941559	9.76614	0.91602	10.1892	0.986631	9.76417	
132	7.89	0.87471	2.54761	0.954062	5.20732	1.06462	6.73479	1.08963	20.1939	1.21828	6.17735	1.06533	3.08877	0.955498	12.1254	0.98172	10.3121	1.00425	10.0011	1.03959	10.2375	1.05951	10.7128	0.94898	10.0061	0.913043	10.4201	0.997169	10.0163	
133	7.95	0.889582	2.6047	0.946003	5.32874	1.04215	6.86855	1.06747	20.6049	1.21356	6.33311	1.06197	3.15692	0.968873	12.3741	0.976033	10.5626	1.00896	10.2601	1.03213	10.5025	1.04853	10.982	0.956521	10.2516	0.914251	10.6548	1.01102	10.2758	
134	8.01	0.914972	2.66431	0.939286	5.45112	1.02423	7.002	1.04746	21.0143	1.19596	6.48893	1.06113	3.22605	0.986853	12.6312	0.96938	10.8152	1.00863	10.523	1.02058	10.7684	1.0378	11.2524	0.966895	10.5036	0.914581	10.8931	1.02198	10.5421	
135	8.07	0.933825	2.72606	0.931194	5.57427	1.01376	7.13607	1.03141	21.4236	1.17932	6.6449	1.06569	3.29652	1.00323	12.8966	0.963305	11.07	1.01141	10.7905	1.01361	11.0365	1.02837	11.5244	0.973685	10.7611	0.920054	11.1365	1.03483	10.8158	
136	8.13	0.953603	2.79006	0.926105	5.69858	1.00415	7.27085	1.01704	21.8331	1.1533	6.7997	1.06515	3.368	1.01858	13.17	0.950428	11.3252	1.01072	11.0618	1.01148	11.3081	1.01989	11.7982	0.983333	11.0251	0.921637	11.3839	1.04745	11.097	
137	8.19	0.977578	2.85664	0.927738	5.82495	1.00216	7.40736	1.00426	22.2435	1.128	6.95335	1.06307	3.44041	1.03913	13.4531	0.940003	11.5813	1.00811	11.3365	1.00516	11.5819	1.01242	12.074	0.991068	11.2951	0.925222	11.6359	1.05317	11.384	
138	8.25	0.994377	2.92536	0.927138	5.95309	1.00049	7.54565	0.988468	22.6534	1.10623	7.10625	1.06905	3.51429	1.04655	13.7424	0.930857	11.8386	1.01019	11.6157	1.00099	11.8586	1.00466	12.3518	0.99943	11.5714	0.932074	11.8936	1.05817	11.6765	
139	8.31	1.01166	2.99629	0.93047	6.08358	1.00075	7.68599	0.973797	23.063	1.09072	7.2592	1.06857	3.58921	1.05561	14.0385	0.925728	12.0982	1.01401	11.9001	0.99729	12.1383	0.997583	12.6316	1.00868	11.8543	0.936182	12.1562	1.06185	11.9743	
140	8.37	1.02437	3.06916	0.936167	6.21677	1.0006	7.82834	0.962665	23.4739	1.08311	7.4133	1.0738	3.66559	1.06471	14.3414	0.922135	12.3606	1.01582	12.1891	0.995974	12.4217	0.989858	12.9132	1.01334	12.1426	0.943458	12.4246	1.05726	12.2751	
141	8.43	1.03583	3.1439	0.944733	6.3531	0.999395	7.97257	0.952079	23.8861	1.07939	7.56907	1.07573	3.74322	1.07247	14.651	0.921828	12.6267	1.02205	12.4841	0.994397	12.7087	0.985585	13.1977	1.02549	12.4386	0.950994	12.6991	1.05436	12.5794	
142	8.49	1.03901	3.21995	0.952223	6.49249	0.997408	8.11856	0.942877	24.3001	1.08466	7.72783	1.0832	3.82249	1.07752	14.9664	0.925864	12.8977	1.02633	12.7846	0.992554	12.9993	0.979651	13.4845	1.02585	12.7389	0.956795	12.9792	1.05094	12.8871	
143	8.55	1.04235	3.29732	0.96033	6.63505	0.989865	8.26551	0.938134	24.7179	1.08721	7.88923	1.08715	3.90319	1.07988	15.2871	0.924822	13.1723	1.03173	13.0909	0.993938	13.2944	0.977236	13.7746	1.03599	13.0465	0.957664	13.2635	1.04439	13.1972	
144	8.61	1.0458	3.37603	0.962327	6.77992	0.987173	8.41412	0.937162	25.1412	1.09681	8.05435	1.08966	3.98521	1.08216	15.6129	0.926989	13.4514	1.03802	13.4035	0.993547	13.5935	0.976318	14.0686	1.03988	13.3596	0.963139	13.5535	1.04004	13.5103	
145	8.67	1.04906	3.4561	0.970157	6.92801	0.98098	8.56387	0.935589	25.5696	1.09924	8.22215	1.09816	4.06902	1.08702	15.9447	0.936706	13.7374	1.04533	13.7226	0.995249	13.8974	0.970552	14.3649	1.04184	13.6777	0.967828	13.849	1.03581	13.8265	
146	8.73	1.05076	3.53742	0.97105	7.0783	0.973502	8.71453	0.938625	26.0055	1.10434	8.39307	1.10407	4.15446	1.09081	16.2824	0.941537	14.0288	1.05246	14.0484	0.99574	14.2056	0.971608	14.6656	1.04529	14.0012	0.971276	14.1496	1.03096	14.1457	
147	8.79	1.0557	3.62024	0.978689	7.23186	0.963336	8.86568	0.943797	26.4497	1.09913	8.56552	1.10107	4.24084	1.09442	16.6258	0.948115	14.3264	1.05827	14.3805	0.996372	14.5183	0.969532	14.9699	1.04466	14.329	0.97104	14.4544	1.02566	14.4675	
148	8.85	1.06885	3.70524	0.987872	7.38898	0.958133	9.01808	0.947955	26.902	1.09398	8.73952	1.09862	4.32821	1.09594	16.9744	0.95517	14.6302	1.0592	14.7174	0.995665	14.835	0.965469	15.277	1.0443	14.6612	0.971762	14.7635	1.02456	14.7934	
149	8.91	1.06793	3.79132	0.993521	7.54916	0.953023	9.17172	0.952132	27.3625	1.08498	8.91444	1.09542	4.41651	1.09759	17.3283	0.962712	14.9406	1.05872	15.0588	0.994128	15.1555	0.963268	15.5876	1.04358	14.9977	0.972508	15.077	1.02359	15.1235	
150	8.97	1.07622	3.87925	1.0005	7.71263	0.946822	9.32643	0.95957	27.8329	1.0731	9.08978	1.08561	4.5052	1.09493	17.6862	0.970664	15.2578	1.05296	15.4029	0.994524	15.4805	0.962194	15.902	1.04471	15.3391	0.973252	15.3951	1.0266	15.459	
151	9.03	1.07926	3.9686	1.00668	7.87933	0.936084	9.48143	0.963728	28.3116	1.05603	9.26464	1.07434	4.59415	1.09023	18.0472	0.979201	15.5821	1.04777	15.7499	0.991216	15.8088	0.958901	16.2196	1.04295	15.6845	0.973217	15.7174	1.02892	15.7997	
152	9.09	1.08705	4.05981	1.01523	8.04968	0.930975	9.63765	0.970788	28.8003	1.03741	9.43872	1.06382	4.68341	1.08521	18.4114	0.988702	15.9139	1.03882	16.0985	0.991239	16.1414	0.958373	16.5412	1.04318	16.0346	0.974843	16.0446	1.03248	16.1462	
153	9.15	1.08668	4.15218	1.02177	8.2234	0.91905	9.7939	0.973289	29.2968	1.02052	9.61222	1.05557	4.77314	1.08078	18.7789	0.995148	16.2523	1.03048	16.4489	0.993854	16.4794	0.954001	16.8656	1.04397	16.3896	0.977355	16.3769	1.03486	16.4981	
154	9.21	1.08765	4.24586	1.02488	8.39994	0.911393	9.95089	0.977948	29.8021	1.00223	9.78486	1.04709	4.86332	1.07239	19.1484	1.00111	16.5972	1.02006	16.8003	0.997389	16.823	0.956335	17.1951	1.04481	16.7495	0.976903	16.7134	1.03897	16.856	
155	9.27	1.09077	4.34103	1.02342	8.57853	0.90245	10.1084	0.977242	30.3137	0.985229	9.95679	1.03927	4.954	1.06733	19.5209	1.00813	16.949	1.01551	17.1547	0.999176	17.1717	0.956859	17.529	1.04357	17.1137	0.981656	17.0561	1.04114	17.2194	
156	9.33	1.08375	4.43682	1.02907	8.76045	0.895213	10.2666	0.97962	30.8332	0.966437	10.1276	1.03307	5.04531	1.05897	19.8953	1.01015	17.3062	1.00187	17.5089	1.00571	17.5273	0.958321	17.8678	1.04399	17.4828	0.983333	17.4037	1.04171	17.5877	
157	9.39	1.07641	4.53319	1.03147	8.94513	0.893047	10.4265	0.977323	31.3582	0.95474	10.2986	1.02012	5.13664	1.05703	20.2738	1.01741	17.6705	0.995623	17.8655	1.00837	17.8884	0.962023	18.2123	1.03979	17.8552	0.987302	17.7573	1.04163	17.9607	
158	9.45	1.07392	4.63057	1.03124	9.13215	0.891574	10.5882	0.974709	31.8885	0.954014	10.4716	1.00962	5.22819	1.05154	20.6552	1.01889	18.0401	0.992109	18.2253	1.01218	18.2555	0.965467	18.5625	1.03937	18.2322	0.990421	18.1165	1.04232	18.3388	
159	9.51	1.06068	4.72797	1.03849	9.32288	0.898001	10.7531	0.971666	32.4239	0.948023	10.6457	1.00287	5.32028	1.04969	21.0408	1.02353	18.416	0.984285	18.5869	1.01363	18.6278	0.965803	18.9173	1.03471	18.6123	0.993961	18.4816	1.04065	18.721	
160	9.57	1.05746	4.8263	1.03974	9.51626	0.905501	10.9216	0.96744	32.9637	0.953096	10.823	0.994747	5.41279	1.04708	21.4302	1.02128	18.7959	0.982219	18.9522	1.01327	19.0048	0.969813	19.278	1.02881	18.9949	0.997047	18.8525	1.03818	19.1072	
161	9.63	1.04602	4.9248	1.04573	9.71319	0.916055	11.0941	0.964982	33.5089	0.961668	11.0041	0.983044	5.50535	1.0456	21.8241	1.02565	19.1822	0.98344	19.3226	1.01259	19.3861	0.96848	19.6428	1.02433	19.3807	1.00301	19.2303	1.03728	19.4979	
162	9.69	1.03486	5.02346	1.04597	9.91264	0.928275	11.2711	0.962681	34.0596	0.967616	11.1886	0.989195	5.59966	1.04008	22.2207	1.0255	19.5733	0.987519	19.6992	1.00872	19.7708	0.970123	20.0128	1.01957	19.7696	1.00472	19.6134	1.03501	19.8926	
163	9.75	1.02435	5.12234	1.04964	10.1153	0.939714	11.4525	0.958729	34.6148	0.978327	11.3774	0.988138	5.69504	1.03474	22.6202	1.02836	19.9704	0.989773	20.0814	1.00482	20.1588	0.970812	20.3876	1.01791	20.1626	1.0096	20.0032	1.0315	20.2908	
164	9.81	1.01613	5.22163	1.04939	10.3203	0.947791	11.6377	0.954716	35.1745	0.987718	11.5705	0.992103	5.79198	1.03135	23.0233	1.02838	20.3723	0.998525	20.4717	1.0005	20.5498	0.970227	20.7668	1.01596	20.5597	1.01171	20.3987	1.02951	20.6932	
165	9.87	1.00528	5.32107	1.04783	10.5276	0.956838	11.827	0.95483	35.7412	0.989174	11.7662	0.995546	5.89046	1.02433	23.4286	1.03226	20.7807	1.00743	20.8703	1.00026	20.9456	0.969084	21.1502	1.01535	20.9614	1.01599	20.8006	1.02421	21.0985	
166	9.93	0.993095	5.42049	1.04094	10.7361	0.96383	12.02	0.953519	36.314	0.990134	11.9644	0.993824	5.98996	1.01621	23.8356	1.03505	21.1952	1.01374	21.2762	0.998285	21.3454	0.968322	21.538	1.01338	21.3672	1.02037	21.2093	1.02253	21.508	
167	9.99	0.990853	5.5209	1.03594	10.946	0.967926	12.2162	0.95345	36.8937	0.987626	12.1646	1.0019	6.09148	1.00969	24.2449	1.03688	21.6155	1.02126	21.6902	0.999173	21.7504	0.9703	21.9313	1.01581	21.779	1.02247	21.6237	1.01984	21.9214	
168	10.05	0.980018	5.62141	1.02706	11.1567	0.970286	12.4152	0.954376	37.481	0.984247	12.3665	0.998974	6.19393	0.999928	24.655	1.03762	22.0412	1.03038	22.1129	1.00353	22.1621	0.971867	22.33	1.01609	22.1958	1.02666	22.0449	1.01843	22.3391	
169	10.11	0.982425	5.72337	1.01727	11.3678	0.975897	12.6177	0.954576	38.0754	0.978634	12.5696	0.998555	6.29757	0.993882	25.0676	1.03748	22.4719	1.03493	22.5425	1.00576	22.5796	0.973458	22.7341	1.01743	22.6182	1.02542	22.4706	1.01683	22.7612	
170	10.17	0.979033	5.82618	1.01156	11.5803	0.978102	12.8232	0.954889	38.6771	0.970387	12.7734	0.998377	6.40241	0.988499	25.4829	1.04012	22.9088	1.03792	22.9785	1.00994	23.0038	0.974748	23.1436	1.01971	23.0465	1.02999	22.9032	1.01491	23.1876	
171	10.23	0.981835	5.93051	1.00612	11.7941	0.976769	13.0308	0.954744	39.2858	0.963277	12.9781	0.991072	6.50773	0.987155	25.9025	1.0418	23.3516	1.04385	23.4222	1.01322	23.4345	0.976447	23.5586	1.02638	23.4828	1.03223	23.342	1.01382	23.6185	
172	10.29	0.984538	6.03636	1.00295	12.0098	0.979315	13.2413	0.955272	39.902	0.960743	13.1847	0.981738	6.61328	0.985027	26.3261	1.04081	23.7992	1.04841	23.873	1.01766	23.8721	0.981218	23.9806	1.03161	23.9264	1.03595	23.7875	1.01301	24.0541	
173	10.35	0.989778	6.14402	1.00493	12.2284	0.980858	13.4547	0.953113	40.524	0.960034	13.3936	0.975362	6.71936	0.985487	26.7548	1.04174	24.2524	1.05032	24.33	1.01991	24.3159	0.983224	24.4084	1.0354	24.3769	1.03436	24.2375	1.01224	24.4945	
174	10.41	0.999195	6.25396	1.00696	12.45	0.984207	13.6713	0.951215	41.152	0.962472	13.6054	0.965106	6.82556	0.989866	27.1905	1.041	24.7106	1.05644	24.795	1.02211	24.7657	0.983096	24.8411	1.04052	24.8349	1.03699	24.6939	1.00954	24.9389	
175	10.47	1.00745	6.3661	1.00958	12.6747	0.983194	13.8902	0.948889	41.7857	0.968377	13.8209	0.959336	6.93234	0.996427	27.6341	1.04068	25.174	1.05967	25.2668	1.02651	25.2228	0.984004	25.2792	1.04325	25.2994	1.03976	25.1568	1.00955	25.3884	
176	10.53	1.01602	6.48049	1.01733	12.9038	0.983246	14.1116	0.946542	42.4251	0.974005	14.0402	0.955705	7.03994	1.00686	28.0876	1.0422	25.6433	1.06358	25.7458	1.03074	25.687	0.984913	25.7227	1.04698	25.7708	1.03919	25.6248	1.00889	25.8427	
177	10.59	1.01585	6.59616	1.02719	13.1377	0.982264	14.3353	0.945317	43.071	0.977522	14.2629	0.953196	7.14848	1.01642	28.5505	1.04408	26.1189	1.06463	26.2307	1.03756	26.1596	0.98359	26.1707	1.05008	26.2491	1.04078	26.0989	1.00846	26.302	
178	10.65	1.02578	6.7143	1.03708	13.3766	0.976711	14.5602	0.942298	43.7221	0.981862	14.489	0.949737	7.25785	1.02761	29.0239	1.04462	26.6001	1.06854	26.7229	1.04576	26.6413	0.981889	26.623	1.04995	26.7328	1.0422	26.579	1.00721	26.766	
179	10.71	1.03808	6.8352	1.04667	13.6204	0.972332	14.7867	0.940878	44.3796	0.986141	14.7187	0.947132	7.36816	1.03471	29.5059	1.04833	27.0885	1.06814	27.2205	1.05245	27.1316	0.979682	27.0794	1.05187	27.2228	1.04197	27.0644	1.00539	27.2344	
180	10.77	1.0425	6.95798	1.05597	13.8692	0.961804	15.0133	0.939868	45.0437	0.989505	14.9518	0.949408	7.47998	1.04056	29.9962	1.0494	27.5828	1.0641	27.7218	1.05643	27.6293	0.978179	27.5403	1.05144	27.7182	1.04442	27.5564	1.00281	27.7068	
181	10.83	1.04826	7.08282	1.06057	14.1218	0.959513	15.2418	0.936794	45.7131	0.990943	15.1878	0.94726	7.59279	1.04529	30.4941	1.05299	28.0845	1.06156	28.2275	1.06225	28.1353	0.978437	28.0063	1.05212	28.2194	1.04443	28.054	1.00019	28.1833	
182	10.89	1.05673	7.21006	1.06439	14.3781	0.949318	15.4704	0.935922	46.3893	0.989925	15.4262	0.951716	7.70739	1.04855	30.9991	1.05546	28.5928	1.0582	28.7372	1.06345	28.6475	0.976467	28.4767	1.05127	28.7257	1.04357	28.5566	0.999532	28.6647	
183	10.95	1.06667	7.33993	1.06721	14.638	0.949005	15.7015	0.934982	47.0723	0.988296	15.6669	0.954925	7.82365	1.04666	31.5088	1.06125	29.1096	1.05327	29.2501	1.06248	29.1649	0.976098	28.952	1.05269	29.2384	1.04646	29.0662	0.996932	29.1502	
184	11.01	1.07755	7.47255	1.07108	14.9016	0.948372	15.935	0.935793	47.7634	0.988233	15.9101	0.952183	7.94085	1.04311	32.0224	1.06311	29.633	1.04683	29.7655	1.05756	29.6856	0.981619	29.4353	1.05109	29.7559	1.04525	29.5808	0.996945	29.641	
185	11.07	1.08475	7.60753	1.07442	15.169	0.950603	16.1715	0.93628	48.4624	0.990214	16.1566	0.945586	8.0585	1.03442	32.5372	1.06311	30.1622	1.04144	30.2839	1.05527	30.2108	0.982687	29.9244	1.05419	30.2805	1.04508	30.101	0.994854	30.1362	
186	11.13	1.09141	7.74481	1.0749	15.4394	0.955578	16.4119	0.935726	49.1685	0.987241	16.4049	0.947769	8.17772	1.02543	33.0532	1.0661	30.6985	1.03888	30.8065	1.05109	30.7397	0.987707	30.4213	1.05459	30.8111	1.0449	30.6267	0.996575	30.6376	
187	11.19	1.10131	7.88483	1.07411	15.7125	0.959083	16.6558	0.937762	49.8839	0.990657	16.6568	0.943496	8.29767	1.01741	33.5706	1.0631	31.2392	1.03509	31.3329	1.04678	31.272	0.992728	30.9262	1.05473	31.3475	1.04904	31.1602	1.00025	31.1463	
188	11.25	1.10566	8.02691	1.07808	15.9896	0.965134	16.9039	0.939079	50.608	0.994578	16.9124	0.937303	8.41812	1.00706	34.0882	1.06345	31.7858	1.03038	31.8626	1.04378	31.8085	1.001	31.4407	1.05495	31.8898	1.0468	31.6983	1.00238	31.6615	
189	11.31	1.10596	8.17056	1.0786	16.2698	0.968222	17.1554	0.942189	51.3422	0.997847	17.1717	0.941967	8.54047	0.998049	34.6067	1.06149	32.3373	1.02676	32.396	1.03791	32.3478	1.00696	31.9639	1.05223	32.4365	1.04555	32.2415	1.00832	32.1854	
190	11.37	1.10826	8.31603	1.07749	16.5527	0.970002	17.41	0.942514	52.0845	1.00277	17.4349	0.947452	8.66483	0.991109	35.1271	1.05737	32.8925	1.02605	32.9348	1.03536	32.8914	1.01536	32.497	1.05157	32.9886	1.04486	32.7901	1.01582	32.7187	
191	11.43	1.11205	8.46355	1.08145	16.8396	0.966543	17.6664	0.944293	52.8361	1.00825	17.7024	0.954791	8.79149	0.984368	35.6495	1.05408	33.4518	1.02396	33.4781	1.0329	33.4394	1.02397	33.0403	1.04831	33.5448	1.04385	33.344	1.02472	33.2625	
192	11.49	1.11558	8.61309	1.07932	17.1289	0.963405	17.9247	0.946267	53.5972	1.01162	17.9736	0.953883	8.91936	0.983078	36.1766	1.04955	34.0146	1.02359	34.0269	1.03116	33.9924	1.03022	33.5927	1.04453	34.1049	1.04316	33.9033	1.03044	33.815	
193	11.55	1.12046	8.76486	1.07991	17.4215	0.954965	18.1834	0.948378	54.3679	1.01494	18.2486	0.963444	9.04986	0.979723	36.7074	1.04619	34.5814	1.02442	34.582	1.03146	34.5512	1.03793	34.1551	1.03949	34.6681	1.04081	34.4672	1.03741	34.3771	
194	11.61	1.11968	8.9181	1.07852	17.7167	0.950534	18.4436	0.950182	55.1482	1.01637	18.5268	0.971796	9.18286	0.9797	37.2437	1.0414	35.1515	1.02309	35.1421	1.0297	35.1149	1.04099	34.725	1.03278	35.2335	1.03999	35.0366	1.04418	34.9487	
195	11.67	1.12154	9.07319	1.07616	18.0143	0.940885	18.7038	0.9505	55.9368	1.01658	18.8079	0.973302	9.31745	0.98003	37.7858	1.03706	35.7251	1.02201	35.7074	1.02834	35.6837	1.04782	35.3046	1.02708	35.8016	1.03567	35.6094	1.04811	35.5284	
196	11.73	1.11301	9.22869	1.07461	18.3146	0.934054	18.9648	0.951167	56.7342	1.02067	19.0931	0.983241	9.45482	0.981794	38.3345	1.03312	36.3025	1.02339	36.2793	1.0303	36.2595	1.04944	35.891	1.02077	36.3721	1.03324	36.1868	1.04583	36.1129	
197	11.79	1.11274	9.38574	1.07714	18.6187	0.925521	19.2261	0.949618	57.5383	1.0196	19.3809	0.991963	9.59482	0.984604	38.8903	1.03171	36.8849	1.02473	36.8578	1.03038	36.8412	1.05131	36.4845	1.01483	36.945	1.03139	36.7691	1.04498	36.7028	
198	11.85	1.10306	9.54302	1.07512	18.9252	0.923058	19.4893	0.946575	58.3481	1.02238	19.6725	0.99986	9.73738	0.985767	39.4526	1.0306	37.4727	1.02395	37.4418	1.0321	37.4298	1.05272	37.0849	1.00988	37.521	1.03118	37.3572	1.04409	37.2983	
199	11.91	1.09036	9.70006	1.07147	19.2339	0.91836	19.7538	0.947527	59.1669	1.02446	19.9676	1.00621	9.88231	0.985388	40.0202	1.0282	38.0651	1.0312	38.0359	1.03423	38.0257	1.05427	37.6923	1.00623	38.1007	1.0296	37.9504	1.03866	37.8967	
200	11.97	1.07865	9.85698	1.069	19.5449	0.919793	20.0215	0.944532	59.9914	1.02471	20.2657	1.01582	10.0301	0.984117	40.5929	1.02592	38.6621	1.03107	38.6359	1.03365	38.6272	1.05188	38.3044	1.00238	38.684	1.02834	38.5488	1.03558	38.4993	
